['image634037_1.png', 19, 19, 19, 19, 20, 20, 19, 18, 18, 18, 19, 19, 19, 18, 19, 19, 19, 19, 18, 18, 18, 18, 17, 17, 17, 18, 17, 17, 17, 17, 17, 16, 16, 16, 16, 16, 16, 16, 17, 17, 17, 16, 16, 16, 16, 16, 16, 16, 16, 16, 16, 16, 16, 16, 16, 16, 16, 16, 16, 16, 16, 16, 16, 15, 15, 15, 15, 15, 15, 15, 15, 15, 15, 15, 15, 15, 15, 15, 15, 15, 14, 15, 15, 14, 14, 14, 14, 14, 15, 15, 14, 14, 15, 15, 14, 14, 14, 15, 15, 14, 14, 15, 15, 14, 14, 15, 15, 14, 14, 15, 14, 14, 14, 15, 15, 14, 15, 14, 15, 15, 16, 15, 15, 16, 16, 16, 15, 15]
['image634037_2.png', 19, 19, 19, 19, 20, 19, 19, 19, 18, 18, 18, 18, 19, 19, 19, 18, 18, 19, 18, 18, 18, 18, 18, 17, 18, 18, 17, 17, 17, 17, 17, 16, 16, 16, 16, 17, 17, 17, 17, 17, 16, 16, 16, 16, 16, 16, 16, 16, 16, 16, 16, 16, 16, 16, 16, 16, 16, 16, 16, 16, 16, 16, 15, 15, 15, 15, 15, 15, 15, 15, 15, 16, 16, 15, 15, 15, 15, 15, 15, 15, 15, 15, 15, 15, 15, 14, 14, 15, 15, 15, 15, 14, 15, 15, 15, 14, 14, 15, 15, 14, 14, 15, 14, 14, 14, 15, 15, 14, 14, 15, 15, 14, 14, 15, 15, 14, 15, 14, 14, 15, 15, 14, 15, 15, 15, 15, 15, 14]
['image634037_3.png', 19, 19, 19, 19, 20, 19, 19, 19, 18, 18, 18, 19, 19, 18, 18, 18, 17, 17, 18, 18, 18, 18, 17, 17, 17, 17, 17, 17, 17, 17, 16, 16, 16, 16, 17, 16, 17, 17, 16, 16, 16, 16, 16, 16, 16, 16, 16, 16, 16, 16, 16, 16, 16, 16, 16, 16, 16, 16, 16, 16, 16, 16, 16, 15, 15, 15, 16, 16, 16, 16, 16, 16, 16, 16, 15, 15, 15, 15, 15, 15, 15, 15, 15, 15, 15, 15, 15, 15, 15, 15, 14, 15, 15, 14, 14, 14, 15, 14, 14, 14, 14, 14, 14, 14, 14, 15, 15, 14, 14, 15, 14, 14, 14, 15, 14, 14, 15, 14, 14, 15, 14, 14, 15, 15, 15, 14, 15, 14]
['image634037_4.png', 18, 19, 19, 19, 20, 20, 19, 19, 19, 19, 19, 19, 18, 18, 18, 18, 18, 18, 18, 17, 18, 18, 18, 18, 17, 17, 17, 16, 16, 17, 17, 17, 16, 16, 16, 16, 16, 16, 16, 16, 16, 16, 17, 15, 16, 16, 16, 16, 16, 16, 16, 16, 16, 16, 16, 15, 17, 16, 16, 16, 16, 16, 16, 16, 16, 16, 16, 16, 16, 16, 16, 16, 16, 15, 15, 15, 15, 15, 15, 15, 15, 15, 15, 14, 15, 15, 15, 15, 15, 15, 14, 15, 15, 15, 14, 14, 15, 15, 14, 14, 15, 15, 14, 14, 15, 15, 15, 14, 14, 15, 14, 14, 14, 14, 14, 13, 14, 14, 14, 13, 14, 14, 14, 14, 14, 14, 14, 14]
['image634037_5.png', 19, 19, 19, 19, 20, 19, 19, 19, 19, 19, 20, 19, 19, 19, 18, 18, 18, 18, 17, 17, 17, 17, 16, 17, 17, 17, 17, 16, 17, 17, 17, 17, 16, 16, 16, 16, 16, 16, 16, 15, 16, 16, 16, 16, 16, 16, 16, 16, 16, 16, 16, 16, 16, 16, 16, 16, 16, 16, 17, 17, 17, 17, 17, 17, 16, 16, 17, 16, 16, 16, 16, 16, 16, 15, 15, 15, 15, 15, 16, 15, 15, 15, 15, 15, 15, 15, 15, 15, 15, 15, 14, 15, 15, 15, 15, 14, 15, 15, 15, 14, 15, 15, 15, 14, 15, 15, 15, 14, 14, 15, 15, 14, 14, 14, 14, 13, 13, 14, 14, 14, 14, 14, 14, 14, 14, 14, 14, 14]
['image634037_6.png', 19, 19, 19, 19, 19, 19, 20, 19, 19, 19, 19, 20, 19, 19, 19, 18, 18, 18, 17, 17, 18, 17, 17, 17, 17, 17, 16, 17, 17, 17, 17, 16, 16, 16, 16, 16, 17, 17, 17, 17, 16, 16, 16, 16, 16, 16, 16, 16, 16, 16, 16, 16, 16, 16, 16, 16, 16, 16, 17, 17, 17, 17, 17, 16, 16, 16, 16, 16, 16, 16, 16, 16, 15, 15, 15, 15, 16, 16, 16, 15, 15, 15, 15, 14, 15, 15, 15, 15, 15, 15, 15, 15, 15, 15, 15, 15, 15, 15, 14, 15, 14, 14, 14, 15, 15, 15, 14, 14, 15, 14, 14, 14, 14, 14, 14, 13, 13, 14, 14, 13, 14, 14, 14, 13, 14, 14, 14, 14]
['image634037_7.png', 19, 19, 19, 19, 19, 19, 19, 19, 19, 19, 19, 19, 18, 18, 18, 18, 18, 18, 18, 17, 17, 17, 17, 16, 17, 17, 17, 17, 17, 16, 17, 17, 17, 16, 16, 16, 16, 16, 16, 16, 16, 17, 16, 16, 16, 16, 16, 16, 16, 16, 16, 16, 16, 16, 16, 16, 16, 16, 17, 17, 17, 17, 17, 16, 16, 16, 16, 16, 16, 16, 15, 15, 15, 15, 15, 15, 16, 15, 15, 15, 15, 15, 15, 15, 15, 15, 15, 15, 15, 14, 15, 15, 15, 14, 14, 15, 14, 14, 14, 14, 14, 14, 14, 15, 15, 15, 14, 14, 14, 15, 14, 14, 14, 14, 14, 13, 13, 14, 14, 14, 14, 14, 14, 13, 14, 14, 14, 14]
['image634037_8.png', 19, 19, 19, 19, 19, 20, 19, 19, 19, 19, 18, 19, 19, 19, 18, 18, 18, 18, 18, 17, 18, 17, 17, 17, 17, 17, 17, 16, 16, 17, 17, 17, 16, 16, 16, 16, 16, 16, 16, 16, 16, 17, 16, 16, 16, 16, 16, 16, 16, 15, 16, 16, 16, 16, 16, 16, 16, 16, 16, 17, 17, 17, 17, 16, 16, 16, 16, 16, 16, 15, 15, 15, 15, 15, 16, 16, 16, 15, 15, 15, 15, 15, 15, 15, 15, 15, 15, 15, 16, 15, 15, 15, 15, 14, 14, 15, 15, 15, 15, 15, 15, 15, 14, 15, 15, 15, 15, 14, 15, 14, 14, 14, 14, 14, 14, 13, 14, 14, 14, 13, 14, 14, 13, 14, 14, 14, 14, 13]
['image634037_9.png', 18, 19, 19, 19, 19, 19, 19, 19, 19, 19, 18, 19, 19, 19, 18, 18, 18, 17, 17, 17, 18, 18, 17, 17, 17, 17, 16, 16, 16, 16, 16, 17, 16, 16, 16, 16, 16, 16, 16, 16, 16, 15, 16, 16, 16, 16, 16, 16, 16, 16, 16, 16, 16, 16, 16, 16, 16, 15, 16, 16, 17, 16, 17, 16, 16, 16, 16, 16, 16, 16, 16, 15, 15, 15, 15, 15, 15, 16, 16, 15, 15, 15, 15, 15, 15, 15, 15, 15, 15, 16, 15, 15, 15, 14, 14, 15, 15, 14, 14, 15, 15, 14, 14, 14, 15, 15, 14, 14, 15, 14, 14, 14, 14, 14, 14, 13, 14, 14, 14, 13, 14, 14, 13, 13, 14, 14, 14, 14]
['image634037_10.png', 19, 19, 19, 19, 20, 20, 20, 19, 19, 19, 19, 18, 18, 19, 18, 18, 18, 18, 17, 18, 18, 18, 17, 17, 17, 17, 17, 16, 17, 17, 17, 17, 16, 16, 16, 16, 16, 16, 16, 16, 16, 16, 16, 15, 16, 16, 16, 16, 16, 16, 16, 16, 16, 16, 16, 16, 16, 16, 16, 16, 16, 16, 16, 15, 16, 16, 16, 16, 16, 16, 16, 16, 15, 15, 15, 15, 15, 16, 15, 15, 15, 15, 15, 16, 15, 15, 15, 15, 15, 15, 15, 15, 15, 15, 15, 14, 15, 15, 15, 14, 15, 15, 14, 14, 15, 15, 15, 14, 14, 15, 14, 14, 14, 13, 14, 13, 13, 14, 14, 14, 13, 14, 14, 13, 13, 14, 14, 14]
['image634037_11.png', 18, 19, 19, 19, 20, 20, 19, 19, 18, 19, 19, 19, 18, 18, 18, 18, 18, 18, 18, 18, 17, 17, 17, 17, 17, 16, 16, 17, 17, 17, 17, 16, 16, 16, 17, 16, 17, 16, 17, 17, 16, 16, 16, 16, 16, 16, 16, 16, 16, 16, 16, 16, 16, 16, 16, 16, 16, 16, 16, 16, 16, 16, 16, 15, 16, 15, 16, 16, 16, 16, 16, 16, 16, 15, 15, 15, 15, 15, 16, 16, 15, 15, 15, 15, 15, 15, 15, 15, 15, 16, 15, 15, 15, 15, 14, 14, 15, 14, 14, 14, 14, 15, 14, 14, 15, 15, 15, 14, 14, 14, 14, 14, 14, 14, 14, 14, 13, 14, 14, 14, 13, 14, 13, 13, 13, 14, 14, 13]
['image634037_12.png', 19, 20, 20, 20, 20, 19, 19, 19, 18, 18, 18, 18, 17, 18, 18, 18, 17, 17, 18, 18, 18, 17, 17, 17, 17, 16, 16, 16, 16, 17, 17, 16, 16, 16, 16, 16, 16, 16, 16, 16, 17, 17, 17, 16, 16, 16, 16, 16, 16, 16, 16, 16, 16, 16, 16, 16, 16, 16, 16, 17, 17, 16, 16, 16, 16, 16, 16, 16, 16, 16, 16, 16, 15, 15, 15, 15, 15, 16, 16, 15, 15, 15, 15, 16, 16, 15, 15, 15, 15, 15, 15, 15, 15, 14, 15, 15, 15, 14, 14, 15, 15, 15, 15, 15, 15, 15, 14, 15, 15, 14, 14, 14, 14, 14, 14, 13, 14, 14, 14, 13, 14, 14, 14, 13, 14, 14, 14, 14]
['image634037_13.png', 19, 19, 19, 19, 19, 19, 19, 19, 18, 18, 18, 17, 18, 18, 17, 17, 17, 17, 17, 17, 18, 17, 17, 17, 16, 16, 16, 16, 17, 17, 17, 16, 16, 16, 16, 16, 16, 16, 17, 17, 17, 17, 17, 16, 16, 16, 16, 16, 16, 16, 16, 16, 16, 16, 16, 16, 16, 16, 16, 17, 17, 17, 17, 16, 16, 16, 16, 16, 16, 16, 16, 16, 15, 15, 15, 16, 16, 16, 16, 15, 15, 15, 15, 16, 15, 15, 15, 15, 16, 15, 15, 15, 15, 15, 15, 15, 14, 14, 15, 15, 15, 14, 15, 15, 15, 14, 14, 15, 15, 14, 14, 14, 14, 14, 13, 14, 14, 14, 14, 14, 14, 14, 13, 14, 14, 14, 14, 13]
['image634037_14.png', 19, 19, 19, 19, 20, 19, 19, 18, 18, 18, 19, 18, 18, 17, 17, 17, 17, 17, 17, 17, 17, 17, 17, 18, 17, 17, 17, 17, 17, 17, 17, 16, 16, 16, 17, 17, 17, 17, 17, 17, 16, 16, 16, 16, 16, 16, 16, 16, 16, 16, 16, 16, 16, 16, 16, 16, 16, 16, 16, 16, 16, 16, 16, 16, 16, 16, 16, 15, 15, 16, 16, 16, 16, 16, 15, 15, 15, 15, 16, 16, 15, 15, 15, 15, 16, 15, 15, 15, 15, 15, 15, 15, 15, 15, 16, 15, 15, 15, 14, 15, 15, 14, 14, 15, 15, 15, 14, 14, 15, 14, 14, 14, 13, 14, 14, 14, 13, 14, 14, 14, 14, 14, 14, 14, 14, 15, 14, 14]
['image634037_15.png', 18, 19, 19, 19, 19, 19, 19, 19, 18, 18, 17, 18, 18, 17, 17, 17, 17, 16, 17, 17, 17, 17, 17, 16, 16, 17, 17, 17, 17, 17, 17, 17, 17, 16, 17, 16, 17, 17, 17, 17, 17, 17, 17, 17, 16, 16, 16, 16, 16, 16, 16, 16, 16, 16, 16, 16, 16, 16, 16, 16, 16, 16, 16, 16, 16, 16, 16, 16, 16, 16, 16, 16, 16, 15, 15, 15, 15, 15, 15, 15, 15, 15, 15, 15, 14, 15, 15, 15, 15, 15, 16, 15, 15, 15, 15, 15, 15, 15, 15, 15, 15, 15, 14, 15, 15, 15, 14, 14, 15, 15, 14, 14, 14, 14, 14, 13, 13, 14, 14, 14, 14, 14, 14, 14, 14, 15, 15, 14]
['image634037_16.png', 19, 19, 20, 20, 20, 19, 19, 18, 18, 18, 17, 18, 18, 17, 17, 17, 17, 16, 16, 16, 17, 16, 17, 16, 16, 16, 16, 17, 17, 17, 17, 17, 17, 16, 16, 16, 17, 16, 17, 17, 17, 17, 17, 17, 17, 17, 17, 17, 17, 17, 17, 16, 16, 16, 16, 16, 17, 17, 17, 17, 17, 17, 17, 16, 16, 16, 16, 16, 16, 16, 16, 15, 15, 15, 15, 16, 16, 16, 16, 15, 15, 15, 15, 15, 15, 15, 15, 15, 15, 15, 15, 15, 15, 15, 15, 15, 14, 14, 15, 15, 14, 15, 15, 16, 16, 15, 15, 15, 14, 14, 14, 14, 14, 14, 14, 14, 14, 14, 13, 13, 14, 14, 13, 13, 14, 14, 14, 14]
['image634037_17.png', 19, 19, 20, 20, 19, 19, 18, 18, 18, 18, 18, 18, 17, 17, 18, 17, 17, 17, 17, 17, 17, 16, 16, 16, 17, 17, 17, 17, 17, 17, 16, 17, 17, 17, 17, 17, 17, 17, 17, 17, 17, 17, 17, 17, 17, 17, 16, 16, 16, 16, 16, 16, 16, 16, 16, 16, 16, 16, 16, 16, 16, 16, 17, 16, 16, 16, 17, 16, 16, 16, 16, 16, 16, 16, 15, 15, 15, 15, 16, 15, 15, 15, 15, 15, 15, 16, 15, 15, 15, 15, 16, 15, 15, 15, 14, 15, 15, 15, 16, 15, 15, 15, 15, 15, 15, 15, 15, 15, 15, 14, 14, 14, 14, 14, 14, 13, 14, 14, 14, 14, 14, 14, 14, 14, 15, 15, 15, 15]
['image634037_18.png', 19, 19, 19, 19, 18, 19, 19, 18, 18, 18, 17, 18, 18, 17, 17, 17, 17, 17, 16, 16, 17, 17, 17, 17, 16, 17, 17, 17, 17, 17, 17, 17, 16, 16, 17, 17, 17, 17, 17, 17, 17, 17, 17, 17, 17, 17, 17, 17, 17, 17, 17, 17, 17, 17, 17, 17, 17, 17, 17, 17, 17, 17, 17, 16, 17, 16, 16, 16, 16, 16, 16, 16, 16, 16, 15, 15, 15, 16, 16, 16, 16, 15, 15, 15, 15, 15, 15, 15, 16, 15, 15, 15, 15, 15, 15, 15, 15, 14, 15, 15, 15, 15, 15, 15, 15, 14, 15, 15, 15, 14, 14, 14, 14, 14, 14, 14, 14, 14, 14, 13, 14, 14, 14, 14, 15, 15, 15, 15]
['image634037_19.png', 19, 19, 19, 19, 19, 18, 18, 19, 18, 18, 18, 17, 17, 17, 17, 17, 17, 17, 17, 16, 17, 16, 17, 17, 17, 17, 17, 16, 16, 16, 17, 17, 16, 16, 16, 16, 16, 16, 16, 16, 16, 16, 17, 16, 17, 17, 17, 17, 17, 17, 17, 17, 17, 17, 17, 17, 17, 16, 17, 16, 17, 16, 17, 16, 16, 16, 16, 16, 16, 15, 15, 15, 15, 16, 16, 16, 16, 15, 15, 15, 15, 15, 16, 15, 15, 15, 15, 16, 15, 15, 15, 14, 15, 15, 15, 14, 15, 15, 15, 14, 14, 15, 15, 15, 15, 15, 15, 15, 14, 14, 14, 14, 14, 14, 13, 14, 14, 14, 13, 14, 14, 14, 14, 14, 14, 14, 14, 14]
['image634037_20.png', 19, 19, 20, 19, 18, 18, 19, 19, 18, 18, 17, 17, 17, 18, 17, 17, 17, 17, 17, 17, 17, 17, 17, 17, 17, 18, 17, 17, 17, 17, 17, 17, 17, 17, 17, 17, 17, 17, 17, 17, 17, 17, 17, 17, 17, 17, 17, 17, 17, 17, 17, 17, 17, 17, 17, 17, 17, 17, 17, 16, 17, 16, 17, 16, 16, 16, 16, 17, 17, 17, 17, 17, 16, 16, 16, 16, 16, 16, 15, 15, 15, 16, 16, 15, 15, 15, 15, 16, 15, 15, 15, 15, 16, 15, 15, 15, 14, 15, 15, 15, 14, 15, 15, 15, 15, 15, 15, 15, 15, 14, 14, 13, 14, 14, 13, 14, 14, 14, 14, 15, 14, 14, 14, 14, 14, 14, 14, 14]
['image634037_21.png', 19, 19, 20, 19, 19, 19, 19, 18, 18, 17, 17, 17, 16, 17, 17, 17, 17, 17, 16, 16, 17, 17, 17, 17, 18, 17, 17, 17, 17, 17, 17, 17, 16, 16, 17, 17, 17, 17, 17, 17, 17, 17, 17, 17, 17, 17, 17, 17, 17, 17, 17, 17, 17, 17, 17, 17, 17, 17, 17, 17, 17, 17, 17, 16, 16, 16, 16, 16, 16, 16, 17, 17, 17, 16, 16, 16, 16, 16, 16, 16, 15, 15, 16, 16, 16, 15, 15, 15, 16, 16, 15, 15, 16, 15, 15, 15, 15, 14, 15, 15, 15, 16, 15, 15, 15, 15, 15, 15, 15, 14, 14, 14, 15, 14, 14, 13, 14, 14, 14, 14, 15, 15, 14, 14, 15, 15, 15, 14]
['image634037_22.png', 19, 19, 20, 19, 19, 19, 19, 18, 18, 17, 17, 17, 17, 16, 17, 17, 17, 17, 17, 17, 16, 16, 17, 17, 17, 17, 17, 17, 17, 17, 17, 17, 17, 17, 17, 17, 17, 16, 17, 17, 17, 17, 17, 17, 17, 17, 17, 17, 17, 17, 17, 17, 17, 17, 17, 17, 17, 17, 17, 17, 17, 16, 16, 17, 17, 17, 17, 17, 17, 17, 17, 16, 16, 16, 16, 16, 16, 16, 16, 16, 16, 16, 16, 15, 15, 15, 15, 16, 15, 15, 15, 15, 15, 15, 15, 14, 15, 15, 15, 14, 15, 15, 15, 15, 15, 15, 15, 14, 14, 14, 15, 14, 14, 14, 15, 14, 14, 14, 15, 14, 14, 14, 15, 14, 14, 14, 14, 14]
['image634037_23.png', 19, 19, 19, 19, 18, 19, 19, 18, 18, 18, 17, 17, 17, 18, 17, 17, 17, 17, 17, 17, 17, 17, 17, 17, 17, 17, 17, 16, 16, 17, 17, 17, 17, 17, 17, 17, 17, 17, 17, 17, 17, 17, 17, 17, 17, 17, 17, 17, 17, 17, 17, 17, 18, 18, 18, 17, 18, 17, 18, 17, 17, 17, 17, 17, 17, 17, 17, 17, 16, 16, 16, 16, 16, 16, 16, 16, 16, 16, 16, 16, 16, 16, 15, 15, 15, 15, 16, 15, 15, 15, 15, 16, 15, 15, 15, 16, 15, 15, 15, 14, 15, 15, 15, 15, 15, 15, 15, 14, 14, 15, 14, 14, 14, 15, 14, 14, 14, 15, 14, 14, 14, 14, 14, 14, 14, 14, 15, 14]
['image634037_24.png', 19, 19, 19, 19, 19, 18, 18, 18, 17, 17, 17, 18, 18, 17, 17, 17, 17, 17, 17, 18, 18, 18, 17, 17, 17, 17, 17, 17, 17, 17, 17, 17, 17, 17, 17, 17, 17, 17, 17, 17, 18, 18, 18, 17, 17, 17, 17, 17, 17, 18, 18, 18, 18, 18, 18, 17, 18, 17, 18, 17, 17, 17, 17, 17, 17, 17, 17, 17, 17, 17, 17, 16, 16, 16, 16, 16, 17, 17, 17, 16, 16, 16, 16, 15, 15, 16, 16, 16, 15, 15, 16, 16, 15, 15, 15, 16, 15, 15, 15, 14, 15, 15, 15, 15, 15, 15, 15, 15, 14, 15, 14, 14, 14, 14, 14, 14, 14, 14, 15, 14, 14, 14, 14, 14, 14, 14, 14, 14]
['image634037_25.png', 19, 19, 20, 19, 19, 19, 18, 18, 18, 17, 17, 17, 17, 18, 18, 17, 17, 17, 17, 17, 18, 17, 17, 17, 17, 17, 17, 17, 17, 17, 16, 16, 17, 17, 17, 17, 17, 17, 17, 17, 17, 17, 17, 17, 17, 17, 17, 17, 17, 17, 17, 17, 17, 17, 17, 17, 17, 17, 17, 17, 17, 17, 17, 17, 17, 17, 17, 17, 17, 17, 16, 16, 17, 17, 17, 17, 17, 16, 16, 16, 16, 15, 16, 16, 16, 16, 16, 15, 15, 16, 16, 15, 15, 15, 15, 16, 15, 15, 15, 15, 15, 15, 15, 16, 15, 15, 15, 14, 15, 15, 14, 14, 14, 15, 14, 14, 14, 15, 14, 14, 14, 14, 15, 14, 14, 14, 14, 13]
['image634037_26.png', 19, 19, 20, 19, 19, 19, 18, 18, 18, 18, 17, 17, 17, 17, 18, 17, 17, 17, 17, 17, 17, 18, 18, 17, 17, 17, 17, 17, 17, 17, 17, 17, 17, 17, 17, 17, 17, 17, 17, 17, 17, 17, 18, 17, 18, 18, 18, 17, 18, 17, 18, 17, 18, 18, 18, 17, 17, 17, 17, 17, 17, 17, 17, 17, 17, 17, 17, 17, 17, 17, 17, 17, 17, 17, 17, 17, 17, 17, 17, 16, 16, 16, 15, 16, 16, 16, 16, 15, 15, 16, 16, 15, 15, 15, 16, 16, 15, 15, 15, 14, 15, 15, 15, 16, 15, 15, 15, 14, 15, 15, 15, 15, 14, 15, 15, 14, 14, 15, 15, 15, 14, 14, 15, 14, 14, 14, 14, 14]
['image634037_27.png', 19, 19, 19, 18, 19, 18, 18, 18, 18, 17, 17, 17, 17, 16, 17, 17, 17, 17, 17, 17, 18, 18, 18, 17, 17, 17, 17, 17, 17, 17, 17, 17, 17, 16, 17, 17, 17, 17, 17, 17, 17, 17, 18, 18, 18, 18, 18, 18, 18, 18, 18, 17, 18, 17, 18, 17, 18, 17, 17, 17, 18, 18, 18, 18, 18, 18, 18, 18, 18, 18, 17, 17, 17, 17, 17, 17, 17, 17, 17, 16, 16, 16, 16, 16, 16, 16, 16, 15, 16, 16, 16, 15, 15, 16, 16, 15, 15, 15, 16, 15, 15, 15, 16, 15, 15, 15, 15, 14, 15, 15, 15, 14, 15, 15, 14, 14, 14, 15, 15, 14, 14, 13, 14, 14, 14, 14, 14, 13]
['image634037_28.png', 19, 19, 19, 18, 19, 18, 18, 18, 18, 18, 17, 17, 17, 17, 17, 17, 17, 18, 17, 17, 17, 17, 17, 17, 17, 17, 16, 16, 17, 17, 17, 17, 17, 17, 17, 18, 18, 18, 18, 18, 18, 18, 18, 18, 18, 17, 17, 17, 17, 17, 18, 18, 18, 18, 18, 18, 18, 18, 18, 18, 18, 18, 18, 18, 18, 18, 18, 18, 18, 18, 17, 17, 17, 17, 17, 17, 17, 16, 16, 16, 15, 16, 16, 16, 16, 15, 16, 16, 16, 15, 15, 15, 16, 15, 15, 15, 15, 15, 16, 15, 15, 15, 15, 16, 15, 15, 15, 15, 15, 15, 15, 14, 15, 15, 14, 14, 14, 15, 15, 14, 14, 13, 14, 14, 14, 14, 14, 14]
['image634037_29.png', 20, 20, 20, 20, 19, 19, 18, 18, 18, 17, 17, 17, 17, 17, 17, 17, 17, 17, 18, 18, 18, 18, 18, 18, 17, 17, 17, 17, 17, 17, 17, 17, 17, 17, 17, 18, 18, 18, 17, 17, 17, 17, 17, 17, 17, 17, 17, 17, 17, 17, 18, 17, 18, 18, 19, 18, 18, 18, 18, 18, 18, 18, 18, 18, 18, 18, 18, 18, 18, 18, 17, 17, 17, 17, 17, 17, 17, 16, 16, 16, 17, 17, 16, 16, 16, 16, 16, 15, 16, 16, 16, 15, 15, 16, 16, 15, 15, 16, 16, 15, 15, 15, 15, 16, 16, 15, 15, 15, 15, 15, 15, 14, 14, 14, 15, 14, 14, 14, 15, 14, 14, 14, 14, 14, 14, 14, 14, 14]
['image634037_30.png', 19, 19, 19, 19, 19, 19, 19, 18, 18, 18, 17, 17, 17, 17, 17, 17, 17, 17, 17, 17, 17, 17, 17, 17, 17, 17, 16, 16, 17, 17, 17, 17, 17, 17, 17, 17, 17, 18, 18, 18, 18, 18, 18, 18, 18, 18, 18, 18, 18, 18, 18, 18, 18, 18, 18, 18, 18, 18, 18, 18, 18, 18, 18, 18, 18, 18, 17, 17, 17, 17, 17, 18, 18, 18, 18, 18, 18, 17, 17, 17, 17, 16, 16, 16, 16, 17, 16, 16, 16, 15, 15, 16, 16, 16, 16, 15, 16, 16, 15, 15, 15, 16, 16, 15, 15, 15, 15, 15, 15, 15, 15, 14, 15, 14, 14, 14, 14, 15, 15, 14, 14, 14, 14, 14, 14, 14, 15, 14]
['image634037_31.png', 19, 19, 19, 19, 18, 18, 19, 19, 18, 18, 18, 17, 17, 17, 17, 17, 16, 17, 17, 17, 17, 17, 17, 17, 17, 17, 17, 17, 17, 17, 16, 16, 17, 17, 17, 17, 17, 17, 17, 18, 18, 18, 18, 18, 18, 18, 18, 18, 18, 18, 18, 18, 18, 18, 18, 18, 18, 18, 18, 18, 18, 19, 19, 19, 19, 18, 18, 18, 18, 18, 18, 18, 18, 17, 17, 17, 17, 17, 16, 16, 16, 16, 17, 17, 17, 16, 16, 17, 16, 16, 16, 16, 16, 16, 16, 16, 15, 15, 15, 16, 16, 16, 15, 15, 16, 15, 15, 15, 15, 15, 15, 15, 15, 14, 15, 15, 15, 15, 14, 15, 14, 14, 14, 14, 14, 15, 15, 15]
['image634037_32.png', 19, 19, 19, 19, 19, 18, 18, 19, 18, 18, 18, 17, 17, 17, 17, 17, 18, 18, 18, 17, 17, 17, 17, 17, 17, 17, 17, 17, 17, 17, 18, 18, 17, 17, 17, 17, 17, 17, 17, 17, 17, 18, 18, 18, 18, 18, 18, 18, 18, 18, 18, 18, 18, 18, 18, 18, 18, 18, 18, 18, 18, 18, 18, 19, 18, 19, 18, 18, 18, 18, 18, 18, 18, 18, 18, 17, 17, 17, 16, 16, 16, 17, 17, 17, 16, 16, 16, 16, 16, 16, 16, 16, 16, 15, 16, 16, 16, 15, 15, 15, 16, 16, 16, 15, 15, 15, 15, 15, 15, 14, 14, 14, 15, 14, 14, 14, 15, 15, 14, 14, 15, 15, 14, 14, 14, 14, 14, 13]
['image634037_33.png', 19, 19, 19, 19, 19, 18, 18, 17, 18, 18, 17, 17, 17, 17, 17, 17, 16, 17, 17, 17, 17, 17, 17, 17, 17, 17, 17, 18, 18, 17, 18, 17, 18, 18, 17, 18, 17, 17, 17, 17, 17, 17, 17, 17, 17, 18, 18, 18, 18, 18, 18, 18, 18, 18, 18, 19, 19, 18, 18, 18, 18, 19, 19, 19, 19, 19, 19, 19, 18, 18, 18, 18, 18, 18, 18, 17, 17, 17, 17, 16, 17, 17, 17, 17, 17, 16, 16, 16, 17, 16, 16, 16, 16, 15, 16, 16, 16, 16, 15, 16, 16, 16, 16, 15, 15, 15, 15, 15, 15, 15, 15, 15, 15, 15, 14, 14, 15, 15, 15, 14, 14, 15, 15, 15, 15, 15, 15, 14]
['image634037_34.png', 19, 19, 19, 19, 18, 18, 18, 18, 17, 18, 18, 18, 17, 17, 17, 17, 17, 17, 17, 18, 18, 18, 17, 17, 17, 17, 17, 17, 17, 17, 18, 18, 18, 18, 18, 18, 18, 18, 18, 18, 17, 17, 17, 17, 17, 18, 18, 19, 19, 19, 19, 19, 19, 19, 19, 19, 19, 19, 19, 19, 19, 18, 18, 18, 18, 18, 18, 18, 18, 18, 18, 17, 17, 17, 18, 18, 18, 18, 17, 17, 17, 17, 17, 17, 17, 17, 17, 17, 16, 16, 16, 16, 17, 16, 16, 16, 15, 15, 16, 16, 16, 15, 15, 15, 15, 15, 15, 15, 15, 15, 15, 15, 14, 14, 14, 15, 15, 15, 14, 15, 15, 14, 14, 14, 14, 15, 15, 15]
['image634037_35.png', 19, 19, 19, 19, 19, 18, 18, 18, 18, 18, 17, 17, 17, 17, 17, 18, 18, 17, 17, 17, 17, 17, 17, 17, 17, 18, 18, 18, 17, 17, 17, 17, 17, 17, 17, 17, 17, 17, 18, 18, 18, 18, 18, 18, 18, 18, 18, 18, 18, 18, 18, 18, 18, 18, 18, 18, 18, 18, 18, 18, 18, 18, 18, 18, 18, 19, 19, 19, 19, 19, 19, 18, 18, 18, 18, 18, 17, 17, 17, 17, 17, 17, 18, 17, 17, 17, 17, 17, 16, 16, 17, 17, 16, 16, 16, 15, 15, 16, 16, 16, 16, 15, 16, 16, 16, 15, 15, 15, 15, 15, 15, 14, 14, 14, 15, 15, 15, 14, 14, 14, 14, 14, 14, 14, 14, 15, 15, 14]
['image634037_36.png', 19, 19, 19, 19, 18, 18, 18, 18, 19, 18, 18, 18, 18, 18, 18, 18, 18, 17, 17, 17, 17, 17, 18, 18, 18, 17, 17, 17, 17, 17, 17, 17, 18, 18, 18, 18, 18, 18, 18, 18, 18, 18, 18, 18, 18, 18, 18, 18, 18, 18, 18, 18, 18, 18, 18, 18, 18, 18, 18, 18, 18, 19, 19, 19, 19, 19, 19, 19, 19, 19, 19, 19, 19, 18, 18, 18, 18, 18, 17, 17, 17, 17, 17, 18, 18, 17, 17, 17, 16, 16, 17, 17, 17, 16, 16, 16, 16, 17, 16, 16, 16, 16, 16, 15, 15, 15, 15, 15, 15, 15, 15, 15, 15, 15, 15, 14, 14, 15, 15, 14, 14, 14, 15, 14, 14, 14, 14, 14]
['image634037_37.png', 19, 19, 19, 19, 19, 18, 18, 18, 18, 18, 17, 17, 17, 17, 17, 17, 18, 18, 17, 17, 17, 17, 17, 17, 17, 18, 18, 18, 18, 17, 17, 17, 17, 17, 18, 18, 18, 18, 18, 18, 18, 18, 18, 18, 18, 18, 18, 18, 18, 18, 18, 18, 18, 18, 18, 18, 18, 18, 19, 19, 19, 19, 19, 19, 19, 19, 19, 19, 19, 19, 19, 18, 18, 18, 18, 18, 18, 17, 18, 18, 18, 18, 18, 18, 17, 17, 17, 16, 16, 17, 17, 16, 16, 16, 16, 16, 16, 16, 16, 16, 16, 16, 15, 15, 16, 15, 15, 15, 15, 14, 15, 15, 15, 15, 14, 14, 15, 15, 14, 14, 14, 14, 14, 14, 14, 14, 14, 13]
['image634037_38.png', 19, 19, 19, 19, 18, 18, 18, 18, 18, 19, 19, 18, 18, 18, 18, 17, 18, 18, 17, 17, 17, 17, 17, 18, 18, 18, 18, 18, 18, 17, 17, 17, 18, 17, 18, 17, 18, 18, 18, 18, 18, 18, 18, 18, 18, 18, 18, 18, 18, 19, 19, 19, 19, 19, 19, 19, 19, 19, 19, 19, 19, 19, 19, 19, 19, 19, 19, 19, 19, 19, 19, 19, 18, 18, 18, 18, 17, 17, 18, 18, 18, 18, 17, 17, 17, 17, 16, 17, 17, 17, 17, 16, 16, 16, 16, 16, 16, 16, 16, 16, 16, 16, 16, 16, 16, 15, 15, 15, 16, 15, 15, 15, 15, 14, 14, 15, 15, 15, 14, 14, 15, 15, 14, 14, 14, 15, 15, 15]
['image634037_39.png', 19, 19, 19, 19, 18, 18, 18, 18, 18, 18, 18, 17, 17, 17, 17, 17, 17, 17, 18, 18, 18, 18, 17, 17, 17, 18, 18, 18, 18, 18, 18, 18, 18, 18, 18, 18, 19, 19, 19, 19, 19, 19, 19, 19, 19, 19, 19, 18, 19, 19, 19, 19, 19, 19, 19, 19, 19, 19, 19, 19, 19, 19, 19, 19, 19, 19, 19, 20, 20, 19, 19, 19, 19, 19, 19, 19, 18, 18, 18, 18, 18, 18, 18, 17, 18, 18, 18, 17, 17, 17, 17, 16, 16, 17, 17, 16, 16, 16, 16, 16, 16, 16, 16, 16, 15, 15, 15, 15, 15, 15, 15, 15, 15, 14, 14, 14, 15, 15, 15, 14, 15, 15, 15, 14, 14, 14, 15, 14]
['image634037_40.png', 19, 19, 19, 19, 19, 18, 18, 18, 17, 17, 17, 18, 18, 18, 18, 18, 17, 17, 17, 17, 17, 18, 18, 18, 18, 18, 18, 18, 19, 18, 18, 18, 18, 18, 18, 18, 18, 18, 18, 18, 18, 18, 18, 18, 19, 18, 18, 18, 18, 19, 19, 19, 19, 19, 20, 20, 20, 19, 20, 19, 20, 19, 20, 20, 20, 19, 19, 19, 19, 19, 19, 19, 19, 18, 18, 18, 18, 19, 19, 18, 18, 18, 18, 18, 18, 17, 17, 17, 17, 17, 17, 17, 17, 17, 16, 16, 16, 16, 17, 17, 17, 16, 16, 16, 15, 15, 15, 15, 16, 15, 15, 15, 15, 14, 14, 15, 15, 15, 15, 15, 15, 15, 15, 14, 15, 15, 15, 15]
['image634037_41.png', 19, 19, 19, 19, 19, 19, 19, 18, 17, 17, 17, 17, 17, 17, 17, 18, 18, 18, 18, 17, 17, 17, 18, 18, 18, 18, 18, 18, 18, 18, 18, 19, 19, 19, 18, 18, 18, 18, 18, 18, 18, 18, 18, 18, 19, 19, 19, 19, 19, 19, 20, 19, 20, 19, 19, 19, 20, 19, 20, 20, 20, 19, 20, 19, 19, 19, 19, 19, 19, 19, 19, 19, 19, 20, 19, 19, 19, 19, 19, 19, 19, 18, 18, 18, 18, 18, 17, 17, 18, 18, 17, 17, 17, 17, 16, 16, 16, 16, 16, 16, 16, 16, 16, 16, 16, 15, 15, 16, 16, 15, 15, 15, 14, 14, 15, 15, 15, 15, 15, 14, 14, 15, 15, 14, 14, 14, 15, 14]
['image634037_42.png', 18, 19, 19, 19, 18, 18, 17, 17, 17, 17, 17, 17, 17, 17, 17, 18, 18, 18, 18, 18, 18, 18, 18, 18, 18, 18, 18, 18, 18, 19, 19, 19, 19, 19, 19, 19, 19, 19, 19, 19, 19, 19, 19, 19, 20, 19, 19, 19, 19, 19, 19, 19, 19, 19, 19, 19, 19, 19, 19, 19, 20, 19, 20, 19, 19, 19, 20, 20, 20, 20, 20, 19, 19, 19, 19, 19, 19, 18, 18, 18, 18, 18, 18, 17, 17, 17, 17, 18, 18, 18, 17, 17, 17, 17, 16, 16, 16, 16, 17, 17, 16, 16, 16, 16, 16, 15, 15, 15, 16, 15, 15, 15, 14, 14, 15, 15, 15, 15, 15, 14, 15, 15, 14, 14, 14, 14, 15, 15]
['image634037_43.png', 18, 19, 19, 19, 18, 18, 18, 18, 17, 17, 17, 17, 17, 18, 17, 18, 18, 18, 18, 18, 18, 18, 18, 19, 19, 19, 18, 18, 18, 18, 18, 18, 18, 19, 19, 19, 19, 19, 19, 19, 19, 19, 19, 19, 19, 19, 19, 19, 20, 19, 20, 19, 20, 19, 20, 19, 19, 19, 19, 19, 20, 20, 20, 20, 20, 20, 20, 20, 20, 20, 20, 19, 19, 19, 19, 19, 19, 19, 19, 18, 18, 19, 19, 19, 17, 18, 18, 18, 17, 17, 17, 17, 17, 17, 16, 16, 16, 17, 17, 16, 16, 16, 16, 16, 16, 15, 15, 16, 16, 15, 15, 15, 14, 14, 15, 15, 15, 15, 15, 15, 16, 15, 15, 15, 14, 14, 15, 14]
['image634037_44.png', 19, 19, 19, 19, 18, 18, 18, 18, 18, 18, 18, 18, 18, 18, 18, 18, 18, 18, 19, 19, 19, 19, 19, 18, 18, 18, 18, 18, 18, 18, 19, 19, 19, 19, 19, 19, 19, 19, 19, 19, 19, 19, 19, 19, 19, 19, 20, 19, 20, 20, 20, 20, 20, 20, 20, 20, 20, 20, 20, 20, 20, 19, 19, 19, 19, 20, 20, 20, 20, 20, 20, 19, 19, 19, 19, 19, 19, 19, 19, 18, 18, 18, 18, 19, 18, 18, 18, 18, 18, 17, 17, 17, 17, 17, 17, 17, 16, 17, 17, 17, 17, 17, 16, 16, 16, 16, 15, 15, 15, 16, 15, 15, 15, 15, 15, 14, 15, 15, 15, 15, 14, 15, 15, 15, 14, 14, 14, 14]
['image634037_45.png', 18, 19, 19, 18, 18, 18, 18, 18, 18, 18, 18, 19, 18, 19, 19, 19, 18, 18, 18, 18, 18, 18, 19, 19, 19, 19, 19, 18, 18, 18, 18, 18, 18, 18, 18, 18, 18, 19, 19, 19, 19, 19, 19, 19, 19, 19, 19, 20, 20, 20, 20, 20, 20, 20, 20, 20, 20, 20, 20, 20, 20, 20, 20, 20, 20, 20, 20, 20, 19, 19, 19, 19, 19, 19, 19, 20, 20, 19, 19, 19, 19, 19, 19, 18, 18, 18, 18, 18, 18, 17, 17, 17, 18, 18, 17, 17, 17, 17, 17, 16, 16, 16, 16, 16, 15, 16, 16, 16, 16, 15, 15, 15, 15, 14, 15, 15, 15, 15, 15, 14, 15, 15, 15, 14, 14, 14, 15, 15]
['image634037_46.png', 19, 19, 19, 19, 19, 19, 18, 18, 18, 18, 18, 18, 18, 18, 17, 17, 17, 18, 18, 18, 18, 18, 18, 18, 19, 19, 19, 18, 18, 18, 18, 18, 18, 18, 18, 18, 18, 19, 19, 19, 19, 19, 19, 19, 20, 20, 20, 20, 20, 20, 20, 20, 20, 20, 20, 20, 20, 20, 20, 20, 20, 20, 20, 20, 20, 20, 20, 19, 19, 19, 19, 20, 20, 20, 20, 19, 19, 19, 19, 19, 19, 19, 18, 18, 18, 18, 18, 18, 18, 17, 18, 18, 18, 18, 17, 17, 17, 17, 17, 16, 16, 16, 17, 17, 16, 16, 16, 16, 16, 15, 15, 15, 15, 15, 15, 15, 15, 15, 14, 15, 15, 14, 14, 14, 14, 14, 15, 15]
['image634037_47.png', 18, 18, 18, 18, 18, 18, 18, 18, 18, 18, 18, 18, 18, 18, 18, 18, 18, 18, 18, 18, 18, 18, 18, 18, 18, 18, 18, 19, 19, 18, 19, 19, 19, 19, 19, 19, 19, 19, 19, 19, 19, 19, 19, 19, 20, 20, 20, 20, 20, 20, 20, 20, 20, 20, 20, 20, 20, 20, 20, 20, 20, 20, 20, 19, 19, 19, 20, 20, 20, 20, 20, 20, 20, 20, 20, 19, 19, 19, 19, 19, 18, 18, 18, 18, 18, 18, 19, 18, 18, 18, 18, 18, 17, 17, 17, 17, 17, 17, 17, 17, 17, 17, 17, 16, 16, 16, 16, 15, 15, 15, 15, 14, 15, 15, 15, 15, 15, 15, 15, 14, 15, 15, 14, 14, 14, 15, 15, 15]
['image634037_48.png', 18, 19, 18, 18, 18, 18, 18, 17, 17, 17, 17, 17, 17, 17, 18, 18, 18, 18, 18, 18, 18, 18, 18, 18, 18, 18, 18, 18, 19, 19, 19, 19, 19, 19, 19, 19, 19, 19, 19, 19, 19, 19, 19, 19, 19, 19, 19, 19, 19, 20, 20, 20, 20, 20, 20, 20, 20, 20, 20, 20, 19, 19, 19, 19, 19, 19, 19, 20, 20, 20, 20, 20, 20, 19, 20, 19, 19, 19, 19, 19, 19, 18, 19, 19, 19, 18, 18, 18, 18, 18, 18, 18, 18, 17, 17, 17, 17, 17, 17, 16, 16, 17, 17, 17, 16, 16, 16, 16, 16, 15, 15, 15, 15, 15, 15, 15, 15, 15, 15, 15, 16, 15, 15, 15, 15, 14, 14, 14]
['image634037_49.png', 18, 18, 18, 18, 18, 18, 18, 18, 18, 18, 18, 18, 18, 18, 18, 18, 18, 18, 18, 19, 18, 18, 18, 18, 18, 18, 18, 19, 19, 19, 19, 19, 19, 19, 19, 19, 19, 19, 19, 19, 19, 19, 19, 19, 19, 20, 20, 20, 20, 20, 20, 20, 20, 20, 20, 20, 20, 20, 20, 20, 20, 19, 19, 19, 19, 19, 19, 20, 20, 20, 20, 20, 20, 19, 20, 19, 19, 19, 19, 19, 19, 19, 19, 19, 19, 18, 18, 18, 18, 18, 18, 18, 17, 17, 17, 17, 18, 18, 18, 17, 17, 17, 17, 17, 16, 16, 16, 16, 15, 15, 15, 15, 16, 16, 15, 15, 15, 15, 15, 14, 15, 15, 14, 14, 14, 14, 15, 15]
['image634037_50.png', 18, 19, 19, 18, 18, 18, 18, 17, 17, 17, 17, 17, 17, 17, 17, 18, 18, 18, 18, 18, 18, 19, 19, 19, 19, 19, 19, 19, 19, 19, 19, 18, 19, 19, 19, 20, 19, 20, 19, 19, 19, 19, 20, 20, 20, 20, 20, 20, 20, 20, 20, 20, 20, 20, 20, 20, 20, 20, 20, 20, 20, 20, 19, 20, 20, 20, 20, 20, 20, 20, 20, 19, 19, 19, 19, 19, 19, 19, 20, 20, 20, 20, 19, 19, 19, 19, 18, 18, 18, 18, 18, 18, 18, 18, 18, 18, 18, 17, 18, 17, 17, 17, 17, 17, 16, 16, 16, 16, 16, 16, 16, 16, 16, 15, 15, 15, 15, 15, 16, 15, 15, 15, 15, 15, 15, 14, 14, 14]
['image634037_51.png', 18, 19, 18, 19, 19, 18, 18, 18, 18, 18, 18, 18, 18, 18, 18, 17, 17, 17, 17, 18, 18, 18, 18, 18, 18, 18, 18, 19, 19, 19, 19, 19, 19, 19, 19, 19, 20, 20, 20, 20, 20, 20, 20, 20, 20, 20, 20, 20, 20, 20, 20, 20, 20, 20, 20, 20, 20, 20, 20, 20, 20, 20, 20, 20, 20, 20, 20, 19, 20, 19, 20, 19, 19, 19, 19, 19, 19, 19, 20, 19, 19, 19, 19, 18, 19, 18, 18, 18, 18, 18, 19, 18, 18, 18, 18, 18, 18, 18, 18, 18, 17, 17, 17, 17, 16, 16, 16, 16, 16, 16, 16, 16, 15, 15, 15, 15, 15, 15, 15, 15, 15, 16, 15, 15, 14, 14, 14, 14]
['image634037_52.png', 18, 19, 19, 18, 18, 18, 18, 17, 17, 17, 17, 17, 17, 17, 17, 17, 17, 17, 18, 18, 18, 18, 19, 19, 19, 19, 18, 18, 18, 18, 18, 18, 18, 18, 19, 19, 19, 19, 19, 20, 20, 20, 20, 20, 20, 20, 20, 20, 21, 21, 21, 20, 20, 20, 19, 19, 19, 19, 19, 19, 19, 19, 19, 19, 19, 19, 19, 19, 20, 20, 20, 19, 19, 19, 19, 19, 19, 19, 19, 20, 19, 19, 19, 19, 19, 19, 18, 18, 18, 19, 19, 18, 18, 18, 18, 18, 18, 18, 18, 17, 17, 17, 17, 16, 16, 16, 16, 16, 17, 16, 16, 16, 15, 15, 15, 15, 15, 15, 15, 16, 15, 15, 15, 14, 14, 14, 15, 14]
['image634037_53.png', 18, 18, 18, 19, 18, 18, 18, 18, 18, 17, 18, 18, 17, 17, 17, 17, 17, 17, 18, 18, 18, 18, 18, 18, 18, 18, 19, 19, 19, 19, 19, 19, 19, 19, 19, 19, 20, 20, 20, 20, 20, 20, 20, 20, 20, 20, 20, 20, 20, 20, 20, 20, 20, 20, 20, 20, 19, 19, 19, 19, 19, 19, 19, 19, 19, 19, 19, 19, 20, 20, 20, 19, 20, 19, 19, 19, 19, 19, 19, 19, 19, 19, 19, 19, 19, 19, 19, 18, 18, 18, 19, 19, 18, 18, 18, 18, 18, 18, 18, 17, 17, 17, 17, 17, 16, 16, 16, 16, 16, 16, 16, 15, 16, 16, 15, 15, 15, 15, 15, 15, 15, 14, 15, 15, 15, 15, 14, 14]
['image634037_54.png', 18, 18, 18, 17, 17, 17, 18, 17, 18, 17, 17, 17, 18, 18, 18, 18, 18, 18, 18, 19, 19, 19, 19, 19, 18, 18, 18, 18, 18, 18, 19, 19, 19, 19, 19, 20, 20, 20, 20, 20, 20, 20, 20, 20, 20, 21, 20, 21, 21, 21, 21, 21, 20, 20, 19, 19, 19, 20, 20, 19, 19, 19, 19, 19, 19, 19, 19, 19, 19, 19, 19, 19, 20, 19, 20, 19, 19, 19, 19, 19, 19, 19, 19, 19, 19, 19, 19, 18, 18, 18, 18, 19, 18, 18, 18, 18, 18, 18, 18, 18, 18, 17, 17, 17, 16, 16, 16, 16, 16, 16, 16, 16, 16, 16, 15, 15, 15, 15, 15, 14, 14, 14, 15, 15, 15, 15, 15, 15]
['image634037_55.png', 17, 18, 18, 17, 17, 17, 17, 17, 17, 17, 17, 17, 17, 17, 17, 17, 18, 18, 18, 18, 18, 18, 18, 18, 18, 19, 19, 19, 19, 19, 19, 19, 19, 19, 20, 20, 20, 20, 20, 20, 20, 20, 20, 20, 20, 20, 20, 20, 20, 20, 20, 20, 20, 20, 19, 19, 19, 19, 19, 19, 19, 19, 19, 19, 19, 19, 19, 19, 19, 19, 19, 19, 20, 19, 19, 19, 19, 19, 18, 18, 19, 19, 19, 19, 19, 18, 18, 18, 19, 19, 18, 18, 18, 18, 18, 18, 18, 17, 17, 17, 17, 17, 17, 17, 16, 16, 16, 17, 17, 16, 16, 16, 16, 16, 15, 15, 15, 15, 15, 14, 14, 14, 14, 13, 13, 14, 14, 14]
['image634037_56.png', 18, 18, 18, 18, 17, 17, 17, 17, 17, 17, 17, 17, 17, 17, 18, 18, 18, 18, 18, 18, 18, 19, 18, 18, 18, 18, 18, 19, 19, 19, 19, 19, 19, 19, 20, 20, 20, 20, 20, 20, 20, 20, 20, 20, 20, 20, 20, 20, 20, 20, 20, 19, 19, 20, 19, 19, 19, 19, 19, 19, 19, 19, 19, 19, 19, 19, 19, 18, 19, 18, 18, 18, 19, 19, 19, 19, 19, 19, 18, 18, 19, 19, 19, 19, 19, 18, 18, 18, 18, 19, 19, 18, 18, 18, 18, 18, 18, 17, 17, 17, 17, 17, 17, 16, 16, 16, 17, 17, 17, 16, 16, 16, 15, 15, 15, 15, 16, 16, 16, 16, 15, 15, 15, 15, 14, 14, 14, 14]
['image634037_57.png', 18, 18, 18, 18, 18, 17, 17, 17, 17, 17, 17, 18, 18, 18, 18, 18, 17, 17, 17, 17, 18, 18, 18, 18, 18, 18, 18, 18, 18, 18, 19, 19, 19, 19, 19, 19, 19, 20, 20, 20, 20, 20, 20, 20, 20, 21, 21, 21, 19, 19, 19, 19, 19, 20, 19, 19, 19, 18, 18, 18, 18, 18, 18, 18, 18, 18, 18, 18, 19, 19, 19, 19, 19, 18, 18, 19, 19, 19, 19, 19, 18, 18, 19, 19, 19, 18, 18, 18, 18, 18, 19, 19, 18, 18, 18, 18, 18, 18, 18, 17, 17, 17, 17, 17, 16, 16, 17, 17, 17, 16, 16, 16, 16, 15, 15, 15, 15, 15, 14, 14, 15, 15, 15, 15, 15, 15, 14, 14]
['image634037_58.png', 17, 18, 18, 17, 17, 17, 17, 17, 17, 17, 17, 17, 17, 17, 17, 17, 18, 18, 18, 18, 18, 19, 18, 18, 18, 18, 18, 18, 18, 18, 19, 18, 20, 20, 20, 20, 20, 20, 20, 20, 20, 20, 20, 20, 20, 20, 20, 20, 20, 20, 19, 19, 19, 19, 19, 19, 18, 18, 18, 18, 18, 18, 18, 18, 18, 18, 18, 18, 18, 18, 19, 18, 18, 18, 18, 19, 19, 19, 18, 18, 18, 18, 19, 19, 19, 18, 18, 18, 18, 18, 19, 19, 18, 18, 18, 18, 18, 18, 18, 17, 17, 17, 17, 17, 16, 16, 17, 17, 17, 16, 16, 16, 16, 16, 15, 15, 15, 15, 16, 15, 15, 15, 15, 15, 14, 14, 14, 15]
['image634037_59.png', 18, 18, 17, 18, 18, 18, 18, 18, 17, 17, 17, 17, 17, 17, 17, 17, 17, 18, 18, 18, 18, 18, 18, 18, 18, 18, 19, 19, 19, 19, 19, 19, 19, 19, 19, 19, 19, 19, 19, 20, 20, 20, 20, 20, 20, 20, 20, 20, 20, 20, 20, 20, 19, 19, 19, 19, 19, 19, 19, 18, 18, 18, 18, 17, 17, 17, 17, 17, 18, 18, 18, 18, 19, 19, 19, 18, 18, 19, 19, 19, 18, 18, 18, 18, 19, 19, 19, 18, 18, 18, 18, 19, 18, 18, 18, 18, 18, 18, 18, 17, 17, 17, 17, 17, 17, 16, 16, 16, 16, 16, 17, 16, 16, 16, 16, 15, 15, 15, 15, 15, 15, 16, 15, 15, 15, 15, 14, 14]
['image634037_60.png', 17, 18, 18, 17, 17, 17, 17, 17, 17, 17, 17, 17, 18, 18, 18, 18, 17, 17, 17, 18, 18, 18, 18, 18, 18, 18, 18, 18, 18, 18, 19, 19, 19, 19, 19, 20, 20, 20, 20, 20, 20, 20, 20, 20, 20, 20, 20, 19, 19, 19, 19, 19, 19, 18, 18, 18, 18, 17, 17, 17, 17, 17, 17, 17, 17, 17, 17, 17, 18, 18, 18, 18, 18, 18, 18, 18, 19, 19, 18, 18, 18, 18, 19, 19, 19, 18, 18, 18, 18, 18, 18, 17, 18, 18, 18, 18, 18, 18, 18, 17, 17, 17, 17, 18, 17, 17, 17, 17, 17, 16, 16, 16, 15, 15, 15, 15, 15, 15, 15, 15, 15, 15, 14, 14, 14, 14, 14, 14]
['image634037_61.png', 17, 17, 18, 17, 17, 17, 17, 17, 17, 17, 18, 18, 18, 18, 18, 17, 17, 17, 17, 18, 18, 18, 18, 18, 18, 18, 18, 18, 19, 19, 19, 19, 19, 19, 19, 19, 19, 20, 21, 21, 21, 21, 21, 21, 20, 20, 20, 20, 20, 20, 19, 19, 19, 18, 18, 18, 17, 17, 17, 17, 16, 16, 16, 16, 16, 17, 17, 17, 17, 17, 18, 18, 18, 17, 18, 18, 18, 18, 18, 19, 18, 18, 18, 18, 18, 19, 19, 18, 18, 18, 18, 18, 18, 18, 18, 18, 18, 18, 18, 17, 17, 17, 17, 17, 16, 16, 16, 16, 17, 17, 16, 16, 16, 15, 15, 15, 15, 15, 15, 14, 15, 15, 14, 14, 14, 14, 14, 14]
['image634037_62.png', 17, 17, 17, 17, 17, 17, 17, 17, 17, 17, 17, 17, 17, 18, 18, 18, 18, 18, 18, 18, 18, 18, 18, 18, 18, 18, 18, 18, 18, 19, 19, 20, 20, 20, 20, 20, 20, 20, 20, 20, 20, 20, 20, 20, 20, 20, 20, 20, 19, 19, 19, 19, 19, 18, 18, 18, 18, 18, 17, 17, 17, 17, 17, 17, 17, 17, 17, 17, 16, 17, 17, 17, 18, 18, 18, 18, 18, 18, 18, 18, 18, 18, 18, 18, 18, 19, 19, 18, 18, 18, 18, 18, 18, 18, 18, 18, 18, 18, 18, 17, 17, 17, 17, 17, 17, 16, 16, 16, 16, 17, 17, 16, 16, 16, 15, 15, 15, 15, 15, 14, 15, 15, 15, 15, 14, 14, 14, 14]
['image634037_63.png', 17, 18, 18, 18, 18, 18, 17, 17, 18, 18, 18, 18, 18, 18, 18, 18, 18, 18, 17, 17, 17, 17, 18, 18, 18, 18, 18, 18, 18, 19, 20, 20, 20, 20, 20, 20, 20, 20, 20, 20, 20, 20, 20, 20, 20, 20, 20, 19, 19, 19, 19, 19, 19, 18, 18, 18, 18, 17, 17, 17, 16, 16, 16, 16, 16, 16, 16, 16, 16, 16, 17, 17, 18, 18, 18, 17, 18, 18, 18, 19, 18, 18, 18, 18, 18, 18, 18, 18, 18, 18, 18, 18, 18, 18, 18, 18, 18, 18, 18, 17, 17, 17, 16, 17, 17, 17, 17, 16, 16, 16, 16, 16, 15, 15, 15, 15, 16, 16, 15, 15, 15, 15, 14, 14, 14, 15, 15, 15]
['image634037_64.png', 18, 18, 18, 18, 17, 17, 17, 17, 17, 17, 17, 17, 17, 17, 18, 18, 18, 18, 18, 17, 17, 17, 17, 18, 18, 18, 18, 18, 19, 19, 19, 19, 19, 19, 20, 20, 20, 20, 20, 20, 20, 20, 20, 20, 20, 20, 20, 20, 19, 19, 19, 19, 19, 18, 18, 18, 18, 17, 17, 17, 16, 16, 16, 15, 15, 15, 16, 16, 17, 17, 17, 17, 17, 17, 18, 18, 18, 18, 18, 18, 18, 17, 18, 18, 18, 18, 18, 18, 18, 18, 18, 18, 18, 17, 17, 17, 18, 18, 18, 17, 17, 17, 17, 17, 16, 16, 16, 17, 17, 16, 16, 16, 16, 16, 15, 15, 15, 15, 15, 14, 15, 15, 15, 15, 15, 15, 15, 15]
['image634037_65.png', 18, 19, 19, 19, 18, 18, 18, 18, 18, 17, 17, 17, 17, 17, 18, 17, 18, 18, 18, 18, 18, 18, 18, 18, 18, 18, 18, 19, 19, 19, 19, 19, 19, 20, 20, 20, 20, 20, 20, 20, 20, 20, 20, 20, 19, 19, 19, 19, 19, 19, 19, 19, 18, 18, 18, 18, 17, 17, 17, 16, 16, 15, 15, 15, 15, 15, 16, 16, 16, 16, 17, 17, 17, 18, 18, 17, 18, 18, 18, 18, 18, 18, 18, 18, 18, 19, 19, 18, 18, 18, 18, 18, 18, 18, 18, 18, 18, 18, 18, 17, 17, 17, 17, 16, 16, 17, 17, 16, 16, 16, 16, 16, 16, 16, 15, 15, 16, 16, 16, 15, 15, 14, 14, 14, 14, 14, 15, 14]
['image634037_66.png', 18, 18, 18, 18, 17, 17, 17, 17, 17, 17, 17, 17, 17, 17, 17, 17, 17, 18, 18, 18, 18, 18, 18, 18, 18, 18, 18, 18, 18, 18, 18, 19, 19, 19, 19, 19, 19, 19, 19, 20, 20, 20, 20, 19, 20, 19, 20, 20, 20, 19, 19, 18, 19, 18, 19, 17, 18, 18, 17, 17, 16, 16, 16, 15, 15, 15, 16, 16, 16, 16, 17, 17, 17, 17, 18, 18, 18, 18, 18, 18, 18, 18, 18, 18, 18, 19, 19, 18, 18, 18, 18, 18, 17, 17, 17, 17, 17, 18, 18, 17, 17, 17, 17, 17, 16, 16, 16, 16, 17, 17, 16, 16, 16, 16, 16, 15, 15, 15, 15, 16, 15, 15, 15, 15, 14, 14, 14, 14]
['image634037_67.png', 17, 17, 17, 18, 18, 18, 18, 17, 17, 17, 17, 17, 17, 18, 18, 18, 18, 18, 18, 18, 18, 18, 18, 18, 19, 19, 19, 19, 19, 19, 19, 19, 19, 19, 19, 19, 20, 19, 19, 19, 20, 20, 21, 19, 20, 20, 20, 20, 20, 20, 20, 18, 19, 18, 18, 17, 17, 17, 16, 16, 15, 15, 15, 15, 15, 15, 15, 16, 16, 16, 17, 17, 17, 18, 18, 17, 18, 18, 18, 19, 19, 18, 18, 18, 19, 19, 18, 18, 18, 18, 17, 18, 18, 18, 18, 18, 18, 17, 18, 17, 17, 17, 17, 16, 16, 17, 17, 17, 17, 16, 16, 16, 15, 15, 15, 15, 16, 15, 15, 15, 15, 15, 14, 14, 15, 15, 15, 15]
['image634037_68.png', 18, 18, 18, 18, 18, 17, 17, 17, 17, 16, 16, 17, 17, 17, 17, 17, 17, 17, 17, 17, 17, 17, 17, 19, 19, 19, 19, 19, 19, 19, 19, 19, 20, 20, 20, 20, 20, 20, 20, 20, 20, 20, 20, 20, 20, 20, 20, 20, 19, 19, 19, 19, 19, 18, 18, 17, 18, 18, 17, 17, 17, 15, 16, 15, 15, 15, 16, 16, 17, 17, 18, 17, 17, 18, 18, 18, 19, 18, 18, 18, 19, 18, 18, 18, 18, 19, 19, 18, 18, 18, 18, 17, 18, 18, 18, 18, 18, 18, 18, 17, 17, 17, 17, 17, 16, 16, 16, 17, 17, 16, 16, 16, 16, 15, 15, 15, 15, 15, 15, 15, 15, 15, 15, 14, 14, 15, 15, 15]
['image634037_69.png', 17, 17, 18, 18, 18, 18, 17, 17, 17, 17, 18, 18, 18, 18, 18, 18, 18, 18, 17, 17, 17, 17, 18, 17, 19, 19, 19, 19, 19, 19, 19, 19, 19, 19, 19, 19, 19, 19, 20, 20, 20, 19, 20, 20, 20, 19, 20, 20, 20, 18, 19, 18, 19, 18, 18, 18, 18, 18, 18, 17, 17, 17, 16, 15, 16, 16, 16, 17, 16, 16, 17, 17, 18, 18, 18, 19, 19, 18, 18, 18, 19, 18, 18, 18, 18, 19, 18, 18, 18, 18, 18, 17, 17, 18, 18, 18, 18, 17, 17, 17, 17, 17, 17, 17, 16, 16, 17, 17, 17, 16, 16, 16, 16, 16, 15, 15, 15, 15, 15, 15, 15, 15, 14, 14, 14, 14, 14, 15]
['image634037_70.png', 17, 17, 18, 18, 18, 18, 17, 17, 17, 17, 17, 18, 18, 18, 18, 18, 18, 18, 18, 17, 17, 17, 18, 18, 18, 19, 19, 19, 19, 19, 19, 19, 19, 19, 19, 19, 20, 19, 19, 19, 20, 20, 20, 20, 20, 20, 20, 19, 19, 19, 18, 18, 18, 18, 18, 18, 18, 17, 17, 17, 17, 17, 16, 17, 17, 17, 17, 17, 17, 17, 18, 18, 18, 18, 19, 18, 18, 18, 19, 18, 18, 18, 19, 19, 19, 18, 18, 18, 18, 19, 18, 18, 18, 18, 18, 17, 17, 17, 18, 18, 17, 17, 17, 17, 17, 17, 16, 16, 16, 16, 16, 15, 15, 15, 16, 16, 16, 16, 15, 15, 15, 14, 15, 15, 15, 15, 15, 14]
['image634037_71.png', 17, 18, 18, 18, 18, 17, 17, 17, 17, 18, 18, 18, 18, 18, 17, 17, 17, 18, 18, 18, 18, 18, 18, 18, 18, 18, 18, 18, 18, 18, 18, 18, 19, 19, 20, 20, 20, 20, 20, 20, 20, 20, 20, 20, 20, 20, 20, 20, 19, 19, 19, 19, 19, 19, 18, 18, 18, 17, 17, 17, 17, 16, 16, 17, 17, 17, 17, 17, 17, 17, 18, 18, 18, 18, 19, 18, 18, 18, 19, 19, 19, 19, 18, 18, 19, 19, 19, 18, 18, 18, 18, 19, 18, 18, 18, 18, 18, 18, 18, 17, 17, 17, 17, 16, 17, 17, 17, 17, 17, 16, 16, 16, 16, 16, 15, 15, 15, 15, 15, 15, 16, 15, 15, 15, 15, 14, 15, 14]
['image634037_72.png', 18, 19, 18, 19, 18, 18, 18, 17, 17, 17, 17, 17, 17, 17, 18, 18, 18, 18, 18, 18, 18, 18, 18, 18, 18, 18, 18, 18, 19, 19, 19, 19, 19, 19, 19, 19, 19, 19, 19, 19, 19, 19, 19, 19, 20, 19, 19, 19, 19, 19, 20, 20, 19, 19, 18, 18, 18, 18, 18, 17, 17, 17, 17, 17, 18, 18, 18, 17, 18, 18, 18, 18, 19, 19, 19, 18, 18, 19, 19, 19, 18, 18, 19, 19, 19, 19, 19, 18, 19, 19, 19, 18, 18, 18, 18, 18, 18, 17, 17, 18, 18, 18, 17, 17, 17, 17, 17, 17, 17, 16, 16, 16, 16, 15, 15, 15, 15, 15, 16, 16, 16, 15, 15, 15, 15, 15, 15, 15]
['image634037_73.png', 17, 18, 18, 18, 18, 18, 17, 17, 17, 17, 17, 17, 17, 17, 17, 17, 17, 17, 17, 18, 18, 18, 18, 18, 18, 18, 18, 18, 18, 18, 18, 19, 19, 19, 19, 19, 19, 19, 20, 19, 20, 20, 20, 20, 20, 20, 20, 20, 20, 19, 19, 19, 19, 19, 19, 19, 18, 17, 18, 17, 17, 17, 17, 17, 17, 18, 18, 18, 18, 18, 18, 18, 18, 19, 19, 19, 19, 18, 18, 19, 19, 19, 19, 18, 18, 19, 19, 19, 18, 18, 18, 18, 18, 17, 18, 18, 18, 18, 18, 18, 17, 17, 17, 17, 16, 16, 16, 16, 16, 16, 16, 16, 16, 16, 16, 16, 15, 15, 15, 15, 15, 16, 16, 15, 15, 15, 15, 15]
['image634037_74.png', 18, 18, 18, 18, 17, 17, 17, 17, 17, 17, 17, 17, 17, 17, 17, 17, 17, 17, 17, 17, 17, 17, 18, 18, 18, 18, 18, 18, 18, 18, 19, 19, 19, 19, 19, 19, 19, 19, 19, 19, 19, 19, 19, 19, 20, 19, 20, 20, 20, 19, 20, 19, 19, 18, 18, 18, 18, 18, 18, 18, 18, 18, 18, 18, 17, 18, 18, 18, 18, 18, 18, 19, 19, 19, 20, 19, 19, 19, 19, 18, 18, 19, 19, 19, 19, 19, 18, 18, 19, 19, 18, 18, 18, 18, 18, 18, 18, 18, 18, 18, 17, 17, 17, 17, 17, 17, 16, 16, 16, 16, 16, 15, 15, 15, 15, 15, 15, 16, 16, 15, 15, 15, 15, 15, 14, 15, 15, 14]
['image634037_75.png', 19, 19, 19, 18, 18, 17, 17, 17, 17, 17, 18, 17, 17, 17, 17, 17, 17, 17, 17, 17, 17, 17, 17, 17, 18, 18, 18, 18, 18, 18, 18, 19, 19, 19, 19, 19, 19, 19, 19, 19, 19, 19, 19, 19, 20, 19, 19, 19, 19, 19, 20, 19, 20, 18, 18, 18, 18, 18, 18, 18, 18, 18, 18, 18, 18, 18, 18, 18, 18, 19, 19, 19, 19, 18, 18, 19, 19, 19, 19, 19, 18, 19, 19, 19, 19, 19, 18, 19, 19, 19, 18, 18, 18, 18, 18, 17, 17, 17, 18, 18, 17, 17, 17, 17, 17, 17, 17, 17, 17, 16, 16, 16, 16, 15, 15, 15, 15, 15, 15, 15, 15, 15, 15, 15, 15, 14, 14, 14]
['image634037_76.png', 18, 18, 18, 17, 18, 18, 17, 17, 17, 17, 17, 17, 17, 18, 18, 17, 18, 18, 18, 18, 18, 18, 18, 18, 18, 18, 18, 18, 19, 19, 19, 19, 19, 19, 19, 19, 19, 19, 19, 19, 19, 19, 19, 19, 19, 19, 19, 19, 19, 19, 19, 19, 19, 19, 19, 19, 19, 19, 19, 19, 19, 19, 18, 18, 18, 18, 19, 19, 19, 19, 19, 18, 19, 19, 19, 19, 19, 19, 20, 19, 19, 19, 19, 18, 18, 19, 19, 19, 19, 18, 18, 18, 18, 18, 17, 18, 18, 18, 17, 17, 17, 17, 17, 17, 17, 16, 17, 16, 16, 16, 16, 16, 15, 15, 16, 16, 16, 16, 15, 15, 15, 15, 16, 16, 16, 16, 15, 15]
['image634037_77.png', 17, 18, 18, 18, 18, 17, 17, 17, 17, 17, 17, 17, 17, 17, 17, 17, 17, 17, 17, 17, 18, 18, 18, 18, 18, 18, 18, 18, 18, 18, 18, 18, 19, 19, 19, 19, 19, 19, 19, 19, 19, 19, 20, 20, 20, 20, 20, 20, 20, 19, 19, 19, 19, 19, 19, 19, 19, 19, 19, 19, 19, 19, 19, 19, 18, 19, 19, 19, 19, 19, 19, 19, 19, 20, 19, 19, 19, 19, 19, 18, 19, 19, 19, 19, 19, 18, 18, 19, 19, 19, 18, 18, 18, 18, 18, 17, 18, 18, 18, 18, 18, 17, 17, 17, 17, 17, 17, 16, 16, 16, 16, 16, 15, 15, 15, 15, 16, 16, 15, 15, 15, 14, 14, 14, 14, 14, 15, 14]
['image634037_78.png', 18, 19, 18, 18, 18, 18, 18, 17, 17, 17, 17, 16, 17, 17, 17, 17, 17, 17, 17, 17, 18, 18, 18, 18, 19, 19, 19, 19, 18, 18, 18, 19, 19, 19, 19, 19, 19, 19, 19, 19, 19, 19, 20, 19, 20, 19, 19, 19, 19, 19, 19, 19, 19, 19, 19, 19, 19, 19, 19, 19, 19, 19, 18, 18, 19, 19, 19, 19, 19, 19, 19, 19, 19, 19, 19, 19, 19, 19, 19, 19, 19, 19, 19, 19, 20, 19, 19, 19, 19, 18, 18, 18, 18, 19, 19, 19, 18, 18, 18, 18, 17, 17, 17, 17, 17, 17, 16, 16, 16, 16, 16, 15, 15, 16, 16, 16, 16, 16, 16, 15, 15, 15, 14, 14, 14, 15, 15, 15]
['image634037_79.png', 18, 18, 18, 18, 18, 18, 18, 17, 17, 17, 18, 17, 18, 17, 17, 17, 17, 17, 17, 17, 17, 18, 17, 18, 18, 18, 18, 18, 18, 18, 18, 18, 18, 18, 19, 19, 19, 19, 19, 19, 19, 19, 19, 19, 19, 19, 19, 19, 19, 19, 19, 19, 20, 19, 19, 19, 19, 19, 19, 19, 19, 19, 19, 18, 19, 19, 19, 19, 19, 19, 19, 19, 19, 19, 19, 19, 19, 19, 19, 19, 18, 19, 19, 19, 19, 19, 19, 18, 18, 19, 19, 18, 18, 18, 18, 18, 18, 17, 17, 17, 17, 17, 16, 16, 16, 16, 16, 16, 17, 16, 16, 16, 15, 15, 15, 15, 15, 15, 15, 16, 15, 15, 15, 15, 15, 15, 15, 15]
['image634037_80.png', 18, 18, 18, 17, 17, 18, 17, 17, 17, 17, 17, 17, 18, 18, 18, 17, 17, 17, 17, 17, 17, 18, 18, 18, 18, 18, 18, 18, 18, 18, 18, 18, 18, 18, 19, 19, 19, 19, 19, 19, 19, 19, 19, 19, 20, 19, 19, 19, 19, 19, 19, 19, 20, 19, 19, 19, 19, 19, 19, 19, 19, 19, 20, 20, 19, 19, 19, 19, 19, 19, 20, 20, 20, 19, 19, 19, 19, 19, 19, 19, 19, 19, 19, 19, 19, 18, 19, 19, 19, 19, 18, 18, 18, 18, 18, 18, 18, 17, 17, 17, 17, 18, 17, 17, 17, 17, 17, 17, 17, 16, 16, 16, 15, 15, 15, 15, 16, 16, 16, 15, 15, 15, 15, 15, 15, 16, 15, 16]
['image634037_81.png', 18, 17, 18, 18, 18, 18, 18, 17, 17, 17, 17, 17, 18, 18, 18, 18, 18, 17, 17, 17, 17, 17, 17, 17, 18, 18, 18, 18, 18, 18, 18, 18, 18, 19, 19, 19, 19, 19, 19, 19, 19, 19, 19, 19, 19, 19, 19, 19, 19, 19, 19, 19, 19, 19, 19, 19, 19, 20, 20, 20, 19, 20, 19, 19, 19, 19, 19, 19, 20, 20, 20, 19, 19, 19, 19, 19, 19, 19, 19, 19, 19, 19, 19, 18, 18, 18, 19, 19, 18, 18, 18, 18, 18, 18, 18, 17, 17, 17, 17, 18, 18, 17, 17, 17, 17, 16, 16, 16, 16, 16, 15, 15, 15, 15, 15, 15, 15, 15, 15, 15, 15, 14, 15, 15, 15, 15, 15, 15]
['image634037_82.png', 17, 17, 17, 17, 17, 18, 18, 17, 17, 17, 17, 17, 17, 16, 17, 17, 17, 17, 17, 17, 17, 17, 17, 17, 17, 17, 17, 17, 17, 18, 18, 18, 19, 19, 19, 19, 19, 19, 19, 19, 19, 19, 19, 19, 20, 19, 20, 20, 20, 19, 19, 19, 19, 20, 20, 20, 20, 20, 20, 20, 20, 20, 19, 19, 19, 19, 19, 19, 19, 20, 20, 19, 19, 19, 19, 19, 19, 20, 19, 19, 19, 19, 19, 19, 19, 19, 19, 19, 18, 18, 18, 18, 18, 18, 18, 18, 18, 17, 17, 17, 17, 17, 17, 17, 17, 16, 16, 16, 16, 16, 15, 15, 15, 15, 15, 15, 15, 15, 15, 15, 15, 14, 14, 14, 15, 15, 15, 14]
['image634037_83.png', 17, 17, 17, 17, 17, 17, 17, 18, 17, 17, 17, 17, 17, 17, 17, 17, 17, 17, 17, 17, 17, 17, 17, 17, 17, 17, 17, 17, 17, 17, 17, 17, 17, 18, 19, 19, 19, 19, 19, 19, 19, 19, 19, 19, 19, 19, 19, 19, 19, 19, 19, 19, 19, 20, 20, 20, 20, 20, 19, 19, 19, 19, 19, 19, 19, 19, 19, 19, 19, 19, 19, 19, 19, 19, 19, 19, 20, 20, 19, 19, 19, 19, 19, 18, 18, 19, 19, 19, 18, 18, 18, 18, 18, 18, 18, 17, 17, 17, 17, 17, 17, 17, 17, 17, 17, 17, 16, 16, 16, 16, 16, 15, 15, 15, 15, 15, 16, 16, 16, 15, 15, 14, 14, 15, 15, 15, 15, 14]
['image634037_84.png', 17, 17, 17, 17, 18, 18, 18, 17, 17, 17, 17, 16, 16, 16, 17, 17, 18, 16, 17, 17, 17, 17, 17, 17, 17, 17, 17, 18, 17, 18, 17, 18, 18, 18, 18, 18, 19, 19, 19, 19, 19, 19, 19, 19, 19, 19, 19, 19, 19, 19, 19, 19, 20, 20, 20, 20, 19, 20, 19, 19, 19, 19, 19, 19, 19, 20, 20, 20, 20, 20, 20, 19, 19, 19, 19, 20, 19, 19, 19, 19, 19, 18, 18, 18, 19, 19, 19, 19, 18, 18, 18, 18, 18, 18, 18, 17, 18, 18, 17, 17, 17, 17, 17, 17, 16, 16, 16, 16, 15, 15, 15, 15, 15, 16, 16, 16, 15, 15, 15, 15, 14, 14, 15, 15, 15, 15, 15, 15]
['image634037_85.png', 17, 17, 17, 17, 16, 17, 17, 17, 17, 17, 16, 16, 17, 17, 17, 17, 17, 17, 17, 17, 17, 17, 17, 17, 18, 18, 18, 18, 18, 18, 18, 18, 18, 18, 18, 18, 18, 18, 18, 18, 18, 18, 18, 19, 19, 19, 19, 19, 19, 19, 19, 19, 19, 19, 19, 19, 19, 20, 20, 20, 20, 20, 19, 19, 19, 19, 19, 19, 19, 20, 20, 19, 19, 19, 19, 19, 18, 20, 19, 19, 19, 19, 19, 18, 18, 18, 18, 18, 18, 19, 18, 18, 18, 18, 18, 17, 18, 17, 17, 17, 17, 16, 16, 16, 16, 15, 16, 16, 16, 16, 16, 15, 15, 15, 15, 15, 15, 14, 15, 15, 15, 14, 14, 15, 15, 15, 15, 15]
['image634037_86.png', 17, 17, 17, 17, 16, 16, 16, 17, 17, 16, 16, 16, 16, 16, 16, 17, 17, 17, 17, 17, 17, 17, 17, 17, 17, 17, 17, 17, 17, 17, 17, 18, 18, 18, 18, 18, 18, 18, 18, 18, 18, 18, 18, 18, 18, 18, 19, 19, 20, 19, 19, 19, 19, 19, 19, 19, 19, 20, 20, 20, 20, 20, 20, 19, 19, 19, 19, 19, 19, 19, 19, 19, 20, 19, 20, 19, 19, 19, 19, 19, 18, 18, 19, 19, 19, 18, 18, 18, 18, 18, 17, 17, 17, 17, 17, 17, 17, 17, 17, 17, 17, 17, 17, 16, 16, 16, 16, 15, 15, 15, 15, 14, 14, 15, 15, 15, 15, 15, 14, 15, 15, 15, 14, 14, 14, 14, 14, 14]
['image634037_87.png', 17, 17, 17, 17, 17, 17, 17, 17, 16, 16, 16, 16, 16, 17, 17, 17, 17, 17, 17, 17, 17, 17, 17, 17, 18, 18, 18, 18, 18, 18, 18, 18, 18, 18, 18, 18, 18, 18, 18, 18, 18, 18, 18, 18, 18, 18, 19, 19, 19, 19, 19, 19, 19, 19, 19, 19, 20, 20, 20, 20, 20, 20, 19, 19, 19, 19, 19, 19, 19, 20, 20, 19, 19, 19, 19, 19, 19, 19, 18, 18, 19, 19, 19, 19, 19, 19, 18, 18, 18, 17, 17, 17, 17, 17, 18, 18, 17, 17, 17, 17, 16, 16, 16, 16, 16, 15, 15, 15, 16, 15, 15, 15, 15, 15, 15, 15, 16, 15, 15, 15, 14, 14, 14, 14, 15, 14, 14, 14]
['image634037_88.png', 17, 17, 17, 17, 16, 17, 17, 17, 17, 16, 16, 16, 16, 16, 16, 16, 17, 17, 17, 17, 17, 17, 17, 17, 17, 17, 17, 17, 17, 18, 18, 18, 18, 18, 18, 18, 18, 18, 18, 18, 18, 18, 18, 18, 18, 18, 18, 18, 19, 19, 19, 19, 19, 19, 19, 19, 19, 20, 20, 20, 20, 20, 19, 19, 19, 19, 19, 19, 19, 19, 20, 19, 19, 19, 19, 19, 19, 19, 18, 18, 18, 18, 18, 17, 18, 18, 18, 18, 17, 17, 17, 17, 17, 17, 17, 17, 17, 17, 17, 17, 17, 16, 16, 16, 16, 15, 15, 15, 16, 15, 15, 14, 15, 15, 15, 15, 15, 14, 14, 15, 14, 14, 14, 14, 14, 14, 15, 13]
['image634037_89.png', 17, 17, 18, 18, 17, 17, 17, 17, 16, 16, 16, 16, 17, 17, 17, 17, 17, 17, 17, 17, 17, 17, 17, 17, 17, 17, 17, 17, 17, 18, 18, 18, 18, 18, 18, 18, 18, 18, 18, 18, 18, 18, 18, 18, 18, 18, 18, 18, 18, 18, 19, 19, 19, 19, 19, 19, 19, 19, 19, 19, 19, 19, 19, 19, 19, 19, 19, 19, 19, 19, 19, 20, 19, 19, 19, 19, 19, 19, 18, 18, 18, 18, 19, 18, 18, 18, 18, 18, 17, 17, 17, 17, 17, 17, 17, 17, 16, 17, 17, 17, 16, 16, 16, 16, 15, 15, 15, 15, 16, 15, 15, 15, 15, 15, 15, 14, 14, 15, 15, 14, 14, 14, 14, 14, 14, 14, 14, 13]
['image634037_90.png', 17, 17, 17, 17, 17, 17, 17, 17, 17, 16, 16, 16, 16, 16, 17, 17, 17, 17, 17, 17, 17, 17, 17, 17, 17, 17, 17, 17, 17, 17, 17, 17, 17, 17, 17, 17, 17, 17, 17, 18, 18, 18, 18, 18, 18, 18, 18, 18, 19, 19, 18, 18, 19, 19, 19, 19, 18, 18, 18, 18, 18, 19, 19, 19, 19, 19, 19, 19, 19, 19, 18, 18, 18, 19, 19, 19, 19, 18, 18, 18, 18, 17, 17, 17, 18, 18, 18, 17, 17, 17, 17, 17, 17, 17, 17, 16, 16, 16, 16, 17, 16, 16, 16, 15, 15, 15, 15, 15, 15, 15, 15, 15, 15, 15, 15, 14, 15, 15, 14, 14, 14, 14, 14, 14, 14, 15, 14, 14]
['image634037_91.png', 17, 17, 17, 17, 16, 17, 17, 17, 17, 16, 16, 16, 17, 16, 17, 16, 17, 17, 17, 17, 17, 17, 17, 16, 16, 16, 16, 16, 17, 17, 17, 17, 17, 17, 17, 17, 17, 17, 17, 17, 17, 18, 18, 18, 18, 18, 18, 18, 18, 18, 18, 18, 18, 18, 19, 19, 19, 19, 18, 18, 18, 18, 18, 18, 19, 19, 19, 19, 19, 19, 19, 18, 18, 18, 18, 18, 19, 18, 18, 18, 18, 18, 18, 17, 17, 17, 17, 16, 17, 17, 17, 17, 17, 17, 16, 16, 16, 16, 15, 15, 16, 16, 16, 15, 15, 15, 15, 15, 15, 15, 15, 15, 15, 15, 14, 14, 14, 14, 13, 14, 14, 14, 14, 14, 14, 14, 14, 14]
['image634037_92.png', 17, 17, 17, 16, 16, 16, 17, 16, 16, 16, 17, 17, 16, 16, 16, 16, 16, 16, 16, 16, 16, 16, 16, 17, 17, 17, 17, 17, 17, 17, 17, 17, 17, 17, 17, 17, 17, 17, 17, 17, 17, 17, 17, 17, 17, 17, 17, 17, 17, 18, 18, 18, 18, 18, 18, 18, 18, 18, 18, 18, 18, 18, 18, 19, 19, 19, 19, 19, 18, 18, 18, 18, 18, 17, 17, 18, 18, 18, 18, 18, 18, 17, 17, 17, 17, 17, 17, 17, 17, 17, 17, 17, 17, 16, 16, 16, 16, 16, 16, 16, 16, 16, 16, 15, 15, 15, 16, 15, 15, 15, 15, 15, 15, 15, 15, 15, 14, 14, 15, 14, 14, 14, 14, 14, 13, 14, 14, 14]
['image634037_93.png', 17, 17, 17, 17, 17, 17, 16, 17, 17, 16, 16, 16, 16, 16, 16, 16, 17, 17, 17, 17, 17, 17, 16, 16, 16, 16, 16, 16, 16, 16, 16, 16, 16, 17, 17, 17, 17, 17, 17, 17, 17, 17, 17, 17, 17, 17, 17, 17, 17, 18, 18, 18, 18, 18, 18, 18, 18, 18, 19, 19, 18, 18, 18, 18, 18, 18, 18, 18, 18, 19, 18, 18, 18, 18, 18, 18, 18, 17, 17, 17, 17, 18, 18, 18, 18, 18, 18, 17, 17, 17, 17, 16, 16, 16, 16, 16, 17, 17, 16, 16, 16, 15, 15, 15, 16, 16, 16, 15, 15, 15, 15, 14, 14, 14, 15, 15, 14, 14, 14, 14, 13, 13, 14, 14, 14, 14, 14, 14]
['image634037_94.png', 17, 17, 17, 17, 17, 17, 17, 17, 17, 16, 16, 16, 16, 16, 17, 17, 17, 17, 16, 16, 16, 16, 16, 16, 16, 16, 16, 16, 16, 16, 16, 17, 16, 17, 17, 17, 17, 17, 17, 17, 17, 17, 17, 17, 17, 17, 17, 17, 17, 17, 18, 18, 18, 18, 18, 18, 18, 18, 18, 18, 18, 17, 18, 18, 18, 18, 18, 18, 18, 17, 17, 17, 18, 18, 17, 17, 17, 17, 17, 17, 16, 16, 16, 17, 17, 17, 17, 17, 17, 17, 16, 16, 16, 16, 17, 16, 16, 16, 16, 16, 15, 15, 15, 16, 15, 15, 15, 14, 14, 14, 14, 14, 15, 15, 14, 14, 14, 14, 13, 13, 14, 14, 14, 14, 14, 13, 13, 13]
['image634037_95.png', 18, 18, 17, 17, 17, 17, 16, 16, 17, 17, 16, 16, 16, 16, 16, 16, 17, 16, 16, 16, 16, 16, 16, 16, 16, 16, 16, 16, 17, 17, 17, 17, 17, 17, 17, 17, 17, 17, 17, 17, 17, 17, 17, 17, 17, 17, 17, 17, 17, 18, 18, 18, 18, 18, 18, 18, 18, 18, 18, 18, 17, 17, 17, 17, 17, 17, 18, 18, 18, 18, 18, 18, 17, 17, 17, 17, 17, 18, 17, 17, 17, 17, 17, 17, 17, 17, 16, 16, 17, 17, 16, 16, 16, 16, 16, 16, 15, 15, 15, 16, 16, 15, 15, 15, 15, 14, 15, 15, 15, 15, 14, 14, 14, 14, 14, 14, 15, 14, 14, 14, 13, 13, 13, 14, 14, 14, 14, 14]
['image634037_96.png', 17, 18, 18, 18, 17, 17, 17, 17, 16, 16, 16, 16, 17, 17, 17, 16, 16, 16, 16, 16, 16, 16, 16, 16, 16, 16, 17, 17, 17, 17, 17, 17, 17, 17, 17, 17, 17, 17, 17, 17, 17, 17, 17, 17, 17, 18, 17, 17, 17, 17, 17, 17, 17, 17, 17, 18, 18, 18, 18, 18, 18, 18, 17, 17, 17, 17, 17, 18, 18, 18, 18, 18, 17, 17, 17, 17, 17, 18, 17, 17, 17, 17, 17, 16, 17, 16, 16, 16, 16, 17, 17, 16, 16, 16, 16, 15, 15, 15, 16, 16, 16, 16, 15, 15, 15, 15, 15, 15, 15, 15, 14, 14, 14, 14, 13, 14, 14, 14, 14, 13, 13, 14, 14, 14, 14, 14, 14, 13]
['image634037_97.png', 18, 18, 18, 17, 17, 17, 17, 17, 17, 17, 17, 16, 16, 16, 16, 16, 16, 17, 17, 17, 16, 16, 16, 16, 16, 16, 16, 16, 16, 16, 16, 16, 16, 16, 16, 16, 16, 16, 16, 16, 17, 16, 17, 17, 17, 17, 17, 17, 18, 18, 18, 17, 18, 17, 17, 17, 17, 17, 17, 17, 17, 17, 17, 17, 17, 18, 17, 17, 17, 17, 17, 17, 17, 17, 16, 16, 16, 17, 17, 17, 16, 16, 16, 16, 16, 17, 17, 16, 16, 16, 16, 15, 15, 15, 15, 16, 16, 16, 16, 15, 15, 15, 16, 16, 15, 15, 15, 14, 14, 14, 14, 15, 14, 14, 14, 14, 14, 14, 14, 14, 14, 14, 13, 13, 14, 14, 14, 14]
['image634037_98.png', 17, 17, 17, 18, 18, 17, 17, 17, 17, 16, 16, 16, 16, 16, 17, 17, 17, 16, 16, 16, 16, 16, 16, 16, 16, 17, 17, 17, 16, 16, 16, 16, 16, 16, 16, 16, 16, 16, 16, 16, 16, 16, 16, 16, 16, 16, 16, 17, 17, 17, 17, 17, 17, 17, 17, 17, 17, 17, 17, 17, 17, 17, 16, 16, 17, 17, 17, 17, 17, 17, 17, 16, 16, 17, 17, 17, 17, 17, 17, 16, 16, 16, 16, 16, 17, 17, 16, 16, 16, 15, 15, 15, 15, 15, 16, 16, 16, 15, 15, 15, 15, 15, 14, 14, 15, 15, 15, 14, 14, 14, 14, 14, 14, 14, 14, 14, 14, 15, 14, 14, 14, 13, 13, 13, 13, 14, 14, 14]
['image634037_99.png', 17, 18, 18, 17, 17, 17, 17, 17, 16, 16, 16, 17, 17, 17, 16, 16, 16, 16, 16, 16, 16, 16, 16, 16, 16, 16, 17, 17, 16, 16, 16, 16, 16, 16, 17, 17, 17, 16, 17, 16, 17, 17, 17, 17, 17, 17, 17, 17, 17, 16, 17, 17, 17, 17, 17, 17, 17, 17, 17, 17, 17, 17, 17, 16, 17, 17, 17, 17, 17, 17, 17, 16, 16, 16, 16, 16, 17, 17, 17, 16, 16, 16, 16, 16, 16, 16, 16, 16, 16, 15, 15, 15, 15, 15, 15, 16, 16, 16, 15, 15, 15, 14, 14, 15, 15, 15, 14, 14, 14, 15, 14, 14, 14, 14, 14, 14, 14, 14, 14, 14, 13, 13, 14, 14, 14, 13, 14, 13]
['image634037_100.png', 17, 18, 18, 18, 17, 17, 17, 17, 17, 17, 16, 16, 16, 16, 16, 16, 17, 17, 16, 16, 16, 16, 16, 16, 16, 17, 16, 16, 16, 16, 16, 16, 16, 16, 16, 16, 16, 16, 16, 16, 16, 16, 16, 16, 16, 16, 16, 16, 16, 17, 17, 17, 17, 17, 17, 17, 17, 17, 17, 16, 16, 16, 16, 16, 16, 17, 17, 17, 17, 17, 17, 17, 16, 16, 16, 16, 17, 17, 17, 16, 16, 16, 16, 15, 15, 16, 16, 16, 16, 15, 15, 15, 15, 15, 15, 15, 15, 15, 15, 15, 14, 15, 15, 15, 15, 14, 14, 14, 14, 14, 14, 14, 14, 14, 14, 14, 15, 14, 14, 14, 13, 13, 14, 14, 14, 13, 13, 13]
['image634037_101.png', 18, 18, 18, 18, 17, 17, 17, 17, 17, 16, 17, 17, 17, 17, 17, 17, 16, 16, 16, 16, 16, 16, 16, 17, 17, 17, 16, 16, 16, 16, 16, 16, 16, 16, 16, 16, 16, 16, 16, 16, 16, 16, 16, 16, 16, 16, 16, 16, 16, 16, 17, 17, 17, 17, 17, 17, 17, 17, 17, 17, 17, 17, 16, 16, 16, 16, 17, 17, 17, 17, 17, 17, 16, 16, 16, 16, 16, 16, 16, 17, 16, 16, 16, 16, 16, 15, 15, 15, 16, 16, 16, 15, 15, 15, 15, 15, 16, 15, 15, 15, 15, 15, 14, 14, 15, 14, 14, 14, 14, 14, 14, 13, 14, 14, 14, 14, 14, 13, 14, 14, 13, 13, 13, 14, 14, 13, 13, 13]
['image634037_102.png', 17, 18, 18, 18, 17, 17, 17, 17, 17, 17, 16, 16, 16, 17, 17, 17, 17, 16, 16, 16, 16, 16, 16, 17, 17, 17, 16, 16, 16, 16, 16, 16, 16, 16, 16, 16, 16, 16, 16, 16, 16, 16, 16, 16, 16, 16, 16, 16, 16, 16, 16, 16, 16, 16, 16, 17, 17, 17, 17, 17, 17, 17, 17, 17, 16, 16, 16, 16, 16, 16, 17, 17, 17, 17, 17, 16, 16, 16, 16, 16, 16, 15, 15, 16, 16, 15, 15, 15, 15, 15, 15, 14, 15, 15, 15, 15, 15, 15, 15, 15, 15, 15, 15, 14, 14, 14, 15, 14, 14, 14, 14, 14, 13, 13, 13, 14, 14, 14, 14, 13, 14, 13, 13, 13, 14, 14, 14, 14]
['image634037_103.png', 17, 17, 17, 17, 17, 18, 17, 17, 17, 17, 17, 17, 17, 16, 16, 16, 17, 17, 16, 16, 16, 16, 16, 16, 16, 16, 16, 16, 16, 16, 16, 16, 16, 16, 16, 16, 16, 16, 16, 16, 16, 16, 16, 16, 16, 16, 16, 16, 16, 16, 16, 17, 17, 17, 17, 17, 17, 17, 17, 17, 17, 17, 17, 16, 16, 16, 16, 16, 17, 17, 17, 17, 17, 17, 17, 17, 16, 16, 16, 16, 16, 15, 16, 16, 16, 16, 15, 15, 15, 15, 16, 15, 15, 15, 15, 15, 15, 14, 14, 15, 15, 14, 14, 14, 14, 14, 14, 14, 14, 14, 13, 13, 13, 14, 14, 13, 13, 13, 14, 14, 13, 13, 13, 14, 14, 13, 13, 13]
['image634037_104.png', 17, 17, 17, 17, 17, 17, 18, 17, 17, 17, 17, 17, 17, 16, 16, 16, 16, 16, 17, 17, 17, 16, 16, 16, 16, 16, 17, 17, 16, 16, 16, 16, 16, 16, 16, 16, 16, 16, 16, 16, 16, 16, 16, 16, 16, 16, 16, 16, 16, 16, 16, 16, 16, 16, 16, 17, 17, 17, 17, 17, 17, 17, 16, 16, 16, 16, 16, 16, 16, 16, 16, 16, 16, 16, 16, 17, 16, 16, 16, 16, 16, 15, 15, 15, 16, 16, 16, 15, 15, 15, 15, 15, 15, 16, 15, 15, 15, 15, 15, 14, 14, 15, 15, 14, 14, 14, 14, 14, 15, 14, 14, 14, 14, 14, 14, 14, 14, 14, 13, 13, 13, 14, 13, 13, 13, 14, 14, 14]
['image634037_105.png', 17, 17, 17, 18, 18, 18, 17, 17, 17, 17, 17, 17, 17, 17, 17, 16, 16, 16, 16, 16, 16, 16, 16, 16, 17, 17, 16, 16, 16, 16, 16, 16, 16, 16, 16, 16, 17, 17, 17, 17, 17, 16, 16, 16, 17, 16, 16, 16, 17, 16, 17, 16, 16, 16, 16, 16, 16, 16, 16, 16, 16, 17, 17, 16, 16, 16, 16, 16, 16, 16, 16, 16, 16, 16, 17, 17, 16, 16, 16, 16, 16, 16, 16, 15, 16, 16, 16, 15, 15, 15, 15, 14, 15, 15, 15, 15, 15, 15, 15, 14, 15, 15, 14, 14, 14, 14, 14, 14, 14, 14, 13, 13, 14, 14, 14, 14, 14, 14, 14, 14, 13, 13, 14, 14, 14, 13, 14, 13]
['image634037_106.png', 17, 17, 17, 17, 17, 17, 17, 17, 16, 17, 16, 16, 16, 16, 16, 16, 17, 17, 17, 17, 16, 16, 16, 17, 17, 17, 16, 16, 16, 16, 16, 16, 16, 16, 16, 16, 17, 16, 16, 16, 15, 15, 15, 15, 16, 16, 16, 16, 16, 16, 16, 16, 16, 16, 16, 16, 16, 16, 16, 16, 16, 16, 16, 15, 16, 16, 16, 16, 16, 16, 16, 16, 16, 16, 16, 16, 15, 16, 16, 16, 16, 15, 15, 15, 15, 15, 16, 15, 15, 15, 15, 15, 14, 15, 15, 15, 15, 15, 15, 14, 14, 15, 14, 14, 14, 14, 14, 14, 14, 14, 14, 13, 13, 13, 14, 14, 13, 13, 13, 13, 14, 13, 13, 13, 14, 13, 13, 13]
['image634037_107.png', 17, 17, 17, 17, 18, 18, 17, 17, 17, 17, 16, 16, 16, 16, 17, 17, 16, 16, 16, 16, 17, 17, 17, 17, 17, 17, 16, 16, 16, 16, 16, 16, 16, 16, 16, 15, 16, 16, 16, 16, 16, 15, 16, 15, 16, 15, 15, 16, 17, 17, 17, 16, 17, 16, 16, 16, 16, 16, 16, 16, 16, 16, 16, 16, 16, 15, 16, 16, 16, 16, 16, 16, 16, 16, 16, 15, 15, 15, 16, 16, 16, 16, 15, 15, 15, 15, 15, 14, 15, 15, 15, 15, 14, 14, 15, 15, 15, 15, 15, 14, 14, 15, 15, 15, 14, 14, 14, 14, 14, 14, 14, 14, 13, 13, 14, 14, 14, 14, 13, 13, 13, 13, 13, 13, 14, 14, 14, 14]
['image634037_108.png', 17, 17, 17, 17, 17, 18, 18, 18, 18, 17, 17, 17, 17, 17, 17, 16, 16, 16, 17, 17, 17, 17, 17, 17, 17, 17, 17, 17, 17, 17, 16, 16, 16, 16, 16, 16, 16, 16, 16, 16, 16, 16, 16, 16, 16, 16, 16, 16, 16, 16, 16, 16, 16, 16, 16, 16, 16, 15, 16, 16, 17, 16, 16, 16, 16, 16, 16, 16, 15, 15, 16, 16, 16, 16, 16, 16, 16, 16, 16, 15, 16, 16, 16, 16, 15, 15, 15, 15, 14, 14, 15, 15, 14, 14, 14, 14, 15, 15, 14, 14, 14, 14, 14, 14, 14, 14, 14, 13, 13, 14, 14, 14, 14, 14, 14, 14, 14, 14, 14, 13, 14, 14, 13, 14, 14, 14, 14, 14]
['image634037_109.png', 16, 17, 17, 17, 17, 18, 18, 18, 18, 18, 17, 17, 17, 17, 17, 17, 17, 17, 18, 18, 18, 17, 17, 17, 17, 17, 17, 17, 17, 17, 17, 16, 16, 16, 17, 16, 16, 16, 16, 16, 16, 16, 16, 16, 17, 17, 17, 17, 17, 17, 17, 17, 17, 17, 17, 16, 16, 16, 16, 16, 16, 16, 16, 16, 16, 16, 15, 15, 15, 16, 16, 16, 16, 16, 16, 16, 16, 15, 15, 15, 16, 16, 15, 15, 15, 15, 15, 14, 15, 15, 14, 14, 14, 14, 14, 14, 15, 15, 14, 14, 14, 14, 15, 14, 14, 14, 13, 13, 14, 14, 14, 13, 14, 14, 14, 14, 14, 13, 13, 14, 13, 13, 13, 14, 14, 14, 14, 14]
['image634037_110.png', 16, 17, 17, 17, 17, 16, 17, 17, 17, 17, 17, 17, 17, 17, 17, 17, 17, 18, 18, 18, 18, 18, 17, 17, 17, 17, 17, 17, 16, 16, 16, 16, 16, 16, 17, 17, 17, 17, 17, 17, 17, 17, 17, 17, 17, 17, 17, 17, 17, 17, 17, 17, 17, 17, 17, 17, 17, 17, 16, 16, 16, 16, 16, 15, 15, 15, 15, 16, 16, 16, 16, 15, 15, 15, 15, 15, 15, 15, 15, 15, 15, 15, 15, 15, 15, 15, 15, 15, 15, 15, 15, 14, 14, 14, 14, 15, 15, 15, 14, 14, 14, 14, 14, 14, 14, 14, 14, 13, 14, 14, 13, 13, 14, 14, 14, 14, 14, 14, 14, 14, 13, 13, 13, 14, 13, 13, 13, 13]
['image634037_111.png', 16, 16, 17, 17, 17, 17, 18, 17, 17, 17, 17, 17, 17, 17, 16, 16, 16, 16, 16, 17, 17, 17, 17, 17, 17, 17, 17, 17, 17, 16, 16, 16, 16, 16, 17, 17, 17, 17, 17, 17, 17, 17, 17, 17, 17, 17, 17, 17, 17, 17, 17, 17, 17, 17, 17, 16, 16, 16, 16, 16, 16, 17, 17, 17, 17, 17, 16, 16, 16, 16, 16, 16, 16, 16, 16, 15, 15, 15, 15, 15, 16, 16, 16, 15, 15, 15, 16, 16, 15, 15, 15, 14, 15, 15, 15, 15, 15, 14, 14, 14, 14, 14, 15, 14, 14, 14, 14, 13, 14, 14, 14, 13, 14, 14, 14, 14, 14, 13, 14, 13, 13, 13, 13, 13, 13, 13, 13, 13]
['image634037_112.png', 17, 17, 17, 17, 16, 17, 17, 17, 16, 16, 16, 16, 16, 16, 16, 15, 15, 16, 16, 16, 16, 16, 16, 16, 16, 16, 16, 16, 16, 16, 16, 17, 16, 16, 16, 16, 16, 16, 16, 16, 16, 16, 16, 16, 16, 16, 16, 16, 16, 16, 16, 16, 16, 17, 17, 17, 17, 17, 17, 17, 17, 16, 16, 16, 16, 16, 16, 17, 17, 16, 16, 16, 16, 16, 16, 16, 15, 15, 15, 15, 16, 15, 15, 15, 15, 15, 15, 14, 15, 15, 15, 15, 15, 16, 15, 15, 15, 15, 14, 14, 14, 14, 13, 14, 14, 14, 14, 13, 14, 14, 13, 13, 14, 14, 14, 14, 14, 14, 14, 14, 13, 13, 13, 14, 14, 13, 13, 13]
['image634037_113.png', 16, 16, 16, 16, 16, 16, 16, 16, 15, 15, 16, 16, 16, 16, 16, 16, 16, 15, 15, 16, 16, 16, 16, 16, 16, 16, 16, 16, 16, 16, 16, 16, 15, 15, 15, 15, 16, 16, 16, 16, 16, 16, 16, 16, 16, 16, 16, 16, 16, 16, 16, 16, 16, 16, 17, 17, 17, 17, 17, 17, 17, 16, 16, 16, 16, 16, 16, 16, 16, 16, 15, 15, 16, 16, 16, 16, 16, 15, 15, 15, 15, 15, 15, 14, 14, 15, 15, 15, 15, 15, 14, 15, 15, 15, 14, 14, 14, 14, 14, 14, 14, 14, 14, 13, 14, 14, 14, 14, 14, 14, 14, 14, 15, 15, 14, 14, 14, 14, 14, 13, 14, 13, 13, 13, 13, 12, 14, 13]
['image634037_114.png', 16, 16, 17, 17, 16, 16, 16, 16, 16, 16, 17, 16, 16, 16, 16, 16, 16, 16, 16, 15, 15, 15, 15, 15, 15, 16, 16, 16, 16, 16, 16, 16, 15, 15, 15, 15, 15, 15, 15, 15, 15, 15, 15, 15, 16, 15, 16, 16, 16, 15, 16, 16, 16, 16, 16, 16, 16, 16, 16, 16, 16, 16, 16, 16, 16, 16, 15, 15, 15, 16, 16, 16, 16, 16, 16, 15, 15, 15, 15, 15, 15, 14, 15, 15, 15, 15, 15, 14, 14, 15, 15, 14, 14, 14, 14, 15, 15, 15, 14, 14, 14, 15, 14, 14, 14, 14, 14, 14, 14, 14, 15, 14, 14, 15, 15, 14, 14, 14, 14, 13, 13, 13, 14, 14, 14, 13, 13, 13]
['image634037_115.png', 16, 16, 16, 16, 16, 16, 16, 16, 16, 16, 16, 16, 16, 16, 16, 16, 16, 16, 15, 15, 15, 15, 15, 15, 15, 15, 16, 16, 16, 16, 16, 16, 16, 15, 15, 15, 15, 15, 15, 15, 15, 15, 15, 15, 15, 15, 15, 15, 15, 15, 16, 16, 16, 16, 16, 16, 16, 16, 16, 16, 15, 16, 15, 15, 15, 15, 16, 16, 16, 16, 16, 15, 16, 15, 15, 15, 15, 14, 14, 14, 14, 15, 15, 14, 14, 14, 14, 14, 14, 15, 14, 14, 14, 14, 14, 15, 15, 14, 14, 14, 14, 14, 14, 14, 14, 13, 14, 14, 14, 15, 14, 14, 15, 15, 15, 15, 14, 14, 14, 14, 14, 14, 14, 14, 14, 13, 14, 14]
['image634037_116.png', 15, 15, 16, 16, 15, 15, 15, 15, 15, 16, 16, 15, 15, 15, 15, 15, 16, 16, 16, 16, 16, 16, 15, 15, 15, 15, 15, 15, 15, 16, 16, 16, 16, 15, 15, 15, 15, 15, 15, 15, 15, 15, 15, 15, 15, 15, 15, 15, 15, 15, 15, 15, 15, 16, 16, 16, 16, 16, 16, 16, 16, 16, 15, 15, 15, 15, 15, 15, 15, 15, 16, 16, 16, 15, 15, 15, 15, 15, 15, 14, 14, 14, 14, 14, 15, 14, 14, 14, 14, 14, 14, 14, 14, 14, 14, 14, 14, 15, 14, 14, 14, 14, 13, 14, 14, 14, 14, 14, 14, 14, 15, 15, 14, 15, 15, 15, 15, 14, 14, 14, 14, 14, 14, 14, 14, 14, 14, 14]
['image634037_117.png', 15, 15, 15, 15, 15, 16, 15, 15, 15, 15, 15, 15, 15, 15, 16, 16, 15, 15, 15, 15, 15, 15, 15, 15, 15, 15, 15, 15, 15, 15, 15, 15, 15, 15, 15, 15, 16, 15, 15, 15, 15, 15, 16, 16, 16, 16, 16, 16, 16, 16, 16, 15, 16, 15, 15, 15, 15, 15, 15, 15, 15, 15, 15, 15, 16, 16, 15, 15, 15, 15, 15, 15, 15, 15, 15, 15, 15, 15, 15, 15, 15, 14, 14, 14, 14, 14, 14, 14, 14, 14, 14, 14, 13, 14, 14, 14, 14, 14, 14, 14, 14, 14, 13, 14, 14, 14, 14, 13, 14, 14, 14, 14, 14, 14, 14, 15, 15, 14, 14, 14, 13, 13, 14, 14, 14, 15, 15, 14]
['image634037_118.png', 15, 16, 16, 15, 15, 15, 15, 14, 15, 15, 15, 15, 15, 15, 14, 14, 14, 15, 15, 15, 15, 15, 15, 14, 14, 14, 15, 15, 15, 15, 15, 15, 15, 15, 15, 15, 15, 15, 15, 15, 15, 15, 15, 16, 16, 16, 16, 16, 16, 16, 16, 16, 16, 16, 16, 16, 16, 16, 16, 15, 15, 15, 15, 15, 15, 15, 15, 15, 14, 15, 15, 15, 15, 15, 15, 15, 14, 14, 14, 14, 14, 14, 14, 13, 14, 14, 14, 14, 14, 13, 13, 14, 14, 14, 14, 13, 14, 14, 14, 14, 14, 15, 14, 14, 14, 13, 14, 14, 14, 13, 14, 14, 14, 13, 14, 14, 14, 14, 14, 13, 13, 14, 14, 14, 14, 15, 15, 15]
['image634037_119.png', 15, 16, 16, 15, 15, 15, 14, 14, 14, 15, 15, 15, 14, 14, 14, 14, 15, 15, 15, 15, 15, 14, 14, 14, 14, 14, 15, 15, 15, 15, 15, 15, 15, 15, 15, 15, 14, 14, 14, 14, 14, 14, 15, 14, 15, 15, 16, 16, 16, 16, 16, 16, 16, 16, 16, 16, 16, 16, 16, 15, 15, 15, 15, 15, 15, 15, 15, 14, 15, 15, 15, 15, 15, 15, 14, 14, 14, 14, 14, 14, 14, 14, 14, 14, 14, 14, 14, 14, 13, 13, 13, 14, 13, 13, 13, 13, 13, 14, 14, 14, 13, 14, 14, 14, 13, 14, 14, 13, 13, 14, 14, 13, 13, 14, 14, 14, 14, 13, 13, 14, 14, 13, 13, 13, 14, 14, 14, 14]
['image634037_120.png', 15, 16, 16, 15, 15, 15, 15, 14, 14, 14, 15, 15, 14, 14, 14, 15, 15, 15, 15, 15, 15, 14, 14, 15, 15, 15, 15, 15, 15, 15, 15, 14, 14, 14, 14, 14, 15, 14, 15, 15, 15, 15, 15, 15, 15, 15, 15, 15, 15, 15, 15, 15, 15, 15, 15, 15, 15, 15, 16, 15, 14, 14, 14, 15, 15, 15, 15, 15, 15, 14, 14, 14, 14, 15, 15, 15, 15, 14, 14, 14, 14, 14, 14, 13, 14, 14, 14, 14, 13, 13, 13, 13, 14, 14, 14, 13, 13, 14, 14, 14, 14, 13, 14, 14, 13, 13, 14, 13, 13, 13, 14, 13, 13, 13, 13, 14, 14, 13, 13, 13, 13, 14, 13, 13, 13, 13, 13, 14]
['image634037_121.png', 15, 15, 16, 15, 15, 15, 14, 14, 14, 14, 14, 15, 14, 14, 14, 14, 15, 15, 15, 15, 14, 14, 14, 14, 14, 14, 14, 15, 15, 15, 15, 15, 15, 14, 14, 14, 14, 14, 14, 14, 15, 14, 15, 15, 15, 15, 15, 14, 14, 14, 15, 15, 15, 15, 14, 14, 15, 15, 15, 15, 15, 15, 15, 14, 14, 14, 14, 14, 14, 14, 15, 15, 15, 15, 14, 14, 14, 14, 14, 13, 13, 13, 13, 14, 14, 14, 13, 13, 13, 13, 13, 13, 13, 13, 13, 13, 14, 14, 14, 13, 14, 14, 13, 13, 13, 14, 13, 13, 13, 14, 13, 13, 14, 14, 14, 13, 13, 13, 13, 13, 13, 13, 13, 13, 14, 14, 14, 14]
['image634037_122.png', 15, 15, 16, 16, 16, 15, 15, 15, 15, 15, 14, 14, 14, 15, 15, 15, 14, 14, 14, 15, 15, 15, 15, 15, 14, 14, 14, 15, 15, 15, 15, 15, 15, 15, 15, 15, 15, 15, 15, 15, 15, 15, 15, 15, 16, 15, 15, 15, 15, 15, 15, 15, 15, 15, 15, 15, 15, 15, 15, 15, 15, 15, 15, 14, 14, 14, 14, 14, 14, 14, 15, 15, 15, 15, 15, 14, 14, 14, 14, 14, 13, 13, 13, 13, 14, 14, 14, 13, 13, 13, 13, 13, 13, 13, 13, 13, 13, 14, 14, 13, 13, 13, 14, 13, 13, 13, 14, 13, 13, 13, 13, 13, 13, 13, 14, 14, 14, 13, 13, 14, 14, 13, 13, 13, 13, 14, 14, 14]
['image634037_123.png', 15, 15, 15, 15, 15, 14, 14, 14, 15, 15, 14, 14, 14, 14, 14, 14, 15, 14, 14, 14, 14, 14, 15, 14, 14, 14, 14, 14, 14, 14, 14, 15, 15, 15, 15, 15, 15, 15, 15, 15, 15, 15, 15, 15, 15, 15, 15, 15, 15, 15, 15, 15, 15, 15, 15, 15, 15, 15, 15, 15, 15, 15, 15, 14, 14, 14, 14, 14, 14, 14, 14, 15, 15, 15, 14, 14, 14, 14, 14, 14, 14, 13, 13, 13, 13, 14, 14, 14, 13, 13, 13, 13, 12, 13, 13, 13, 13, 13, 13, 13, 13, 13, 14, 13, 13, 13, 14, 13, 13, 13, 13, 13, 13, 13, 13, 13, 14, 13, 13, 13, 12, 13, 13, 13, 13, 13, 13, 14]
['image634037_124.png', 15, 16, 15, 15, 15, 16, 14, 15, 15, 15, 15, 14, 14, 14, 14, 14, 14, 14, 15, 14, 14, 14, 14, 15, 15, 15, 14, 14, 14, 14, 14, 14, 15, 15, 15, 15, 15, 15, 15, 16, 16, 16, 16, 16, 16, 16, 16, 16, 14, 15, 14, 15, 15, 15, 16, 14, 14, 14, 15, 15, 15, 15, 15, 15, 15, 15, 15, 14, 14, 14, 14, 14, 14, 14, 14, 14, 14, 14, 14, 13, 13, 13, 13, 14, 14, 13, 13, 13, 13, 13, 13, 13, 13, 13, 13, 13, 13, 14, 13, 13, 13, 13, 14, 13, 13, 13, 14, 13, 13, 13, 13, 13, 13, 13, 13, 13, 13, 14, 13, 13, 13, 12, 13, 13, 13, 13, 13, 14]
['image634037_125.png', 14, 15, 15, 16, 15, 15, 15, 16, 15, 15, 15, 14, 14, 14, 14, 14, 15, 15, 15, 15, 14, 14, 14, 14, 14, 14, 15, 15, 14, 14, 14, 14, 14, 14, 15, 15, 15, 15, 15, 15, 15, 15, 15, 15, 15, 15, 15, 15, 15, 15, 15, 15, 15, 15, 15, 15, 15, 15, 15, 15, 15, 15, 15, 15, 15, 15, 15, 14, 14, 14, 14, 14, 14, 14, 14, 14, 14, 13, 13, 14, 14, 14, 14, 13, 13, 13, 13, 13, 13, 12, 13, 13, 13, 13, 13, 13, 14, 14, 13, 13, 13, 14, 13, 13, 13, 14, 13, 13, 13, 13, 13, 13, 13, 13, 13, 14, 13, 13, 13, 13, 13, 13, 13, 13, 14, 14, 14, 14]
['image634037_126.png', 14, 15, 15, 15, 15, 16, 15, 15, 16, 15, 15, 15, 15, 15, 15, 14, 15, 15, 15, 15, 15, 14, 14, 14, 14, 15, 15, 14, 14, 14, 14, 14, 15, 15, 15, 15, 15, 15, 15, 15, 15, 15, 15, 15, 15, 15, 15, 15, 15, 15, 15, 15, 15, 15, 15, 14, 14, 14, 15, 15, 15, 15, 15, 15, 15, 15, 15, 15, 15, 14, 14, 14, 14, 14, 14, 14, 14, 14, 13, 13, 13, 13, 13, 14, 14, 13, 13, 13, 13, 13, 12, 12, 13, 13, 13, 13, 13, 13, 13, 13, 13, 13, 14, 13, 13, 13, 13, 13, 13, 13, 13, 13, 13, 13, 13, 13, 14, 14, 14, 13, 13, 13, 13, 13, 13, 13, 13, 13]
['image634037_127.png', 15, 15, 15, 15, 14, 15, 15, 16, 15, 15, 15, 15, 16, 16, 16, 16, 15, 15, 15, 15, 15, 15, 14, 14, 14, 14, 14, 15, 15, 15, 15, 15, 15, 15, 15, 15, 15, 14, 14, 15, 15, 15, 15, 15, 15, 15, 15, 15, 15, 15, 15, 15, 15, 15, 15, 15, 15, 15, 15, 14, 15, 14, 14, 14, 14, 14, 14, 14, 14, 14, 14, 13, 13, 13, 13, 13, 13, 14, 13, 14, 14, 14, 14, 13, 13, 13, 13, 12, 13, 13, 13, 13, 13, 13, 13, 13, 13, 13, 13, 12, 13, 13, 13, 13, 12, 13, 13, 12, 13, 13, 13, 13, 12, 13, 13, 13, 13, 13, 12, 13, 13, 13, 13, 13, 13, 13, 13, 13]
['image634037_128.png', 15, 15, 15, 15, 15, 15, 15, 15, 16, 16, 16, 16, 15, 15, 15, 15, 15, 15, 15, 15, 15, 14, 14, 15, 15, 15, 15, 15, 15, 15, 14, 14, 15, 15, 15, 15, 15, 15, 15, 15, 15, 15, 15, 15, 15, 15, 15, 15, 15, 15, 15, 15, 15, 15, 15, 15, 15, 14, 15, 15, 15, 15, 15, 15, 15, 15, 15, 15, 15, 14, 14, 14, 14, 14, 14, 14, 14, 14, 13, 13, 13, 13, 13, 13, 13, 13, 13, 13, 13, 12, 12, 13, 13, 13, 13, 12, 13, 13, 13, 13, 13, 13, 13, 13, 13, 13, 13, 13, 13, 13, 12, 13, 13, 13, 13, 14, 14, 13, 13, 13, 13, 13, 13, 13, 13, 13, 13, 13]
